1408291840 0.0 94 0.0 150.6 398567809 -1035227746 0 0 22.0 53x23,2,3
1408291841 0.0 93 0.0 150.6 398567640 -1035227735 0 0 22.0 53x23,2,3
1408291842 1.18 93 1.185 151.0 398567433 -1035227846 0 0 22.0 53x23,2,3
1408291843 2.79 92 1.605 151.2 398567304 -1035227829 40 17 22.0 53x23,2,3
1408291844 5.02 92 2.23 150.8 398567126 -1035228045 101 17 22.0 53x23,2,3
1408291845 7.6 92 2.585 150.6 398566881 -1035228216 101 43 22.0 53x23,2,3
1408291846 10.27 93 2.669 150.4 398566701 -1035228424 179 46 23.0 53x23,2,3
1408291847 12.77 93 2.501 150.6 398566391 -1035228495 224 43 23.0 39x23,1,3
1408291848 14.98 94 2.202 150.6 398566119 -1035228530 227 43 23.0 39x23,1,3
1408291849 17.04 94 2.062 151.0 398565927 -1035228455 227 36 23.0 39x23,1,3
1408291850 19.12 95 2.081 151.4 398565694 -1035228402 209 36 23.0 39x23,1,3
1408291851 21.24 96 2.118 151.8 398565488 -1035228427 209 35 23.0 39x23,1,3
1408291852 23.42 97 2.183 152.0 398565271 -1035228441 154 37 23.0 39x23,1,3
1408291853 25.75 98 2.333 152.0 398565120 -1035228589 35 37 23.0 39x23,1,3
1408291854 28.23 99 2.473 152.0 398564906 -1035228840 35 37 23.0 39x23,1,3
1408291855 31.59 99 3.368 152.0 398564804 -1035229168 35 27 23.0 39x21,1,4
1408291856 35.96 100 4.367 151.8 398564797 -1035229679 81 63 23.0 39x19,1,5
1408291857 41.11 100 5.151 151.4 398564842 -1035230296 74 75 23.0 53x19,2,5
1408291858 47.26 100 6.149 151.0 398564838 -1035231000 33 65 23.0 53x19,2,5
1408291859 54.27 101 7.007 150.8 398564830 -1035231886 57 68 23.0 53x17,2,6
1408291860 62.36 101 8.09 149.8 398564820 -1035232882 58 72 23.0 53x15,2,7
1408291861 71.22 101 8.864 148.8 398564860 -1035233977 66 70 23.0 53x15,2,7
1408291862 81.07 101 9.844 147.8 398564884 -1035235195 69 72 23.0 53x15,2,7
1408291863 91.64 101 10.572 146.8 398564914 -1035236495 0 72 23.0 53x15,2,7
1408291864 102.99 101 11.355 146.0 398564998 -1035237853 0 72 23.0 53x15,2,7
1408291865 114.84 101 11.85 145.4 398565070 -1035239402 0 0 23.0 53x15,2,7
1408291866 126.66 100 11.822 143.8 398565072 -1035240957 0 0 23.0 53x15,2,7
1408291867 138.26 100 11.598 142.8 398565026 -1035242457 0 0 23.0 53x15,2,7
1408291868 149.1 100 10.833 141.8 398564887 -1035243956 1 9 23.0 53x15,2,7
1408291869 160.04 100 10.945 141.0 398564903 -1035245285 0 9 23.0 53x15,2,7
1408291870 171.6 101 11.561 140.6 398565173 -1035246632 0 9 23.0 53x15,2,7
1408291871 183.2 101 11.598 140.6 398566124 -1035247683 0 0 23.0 53x15,2,7
1408291872 194.98 101 11.785 140.2 398567329 -1035248195 0 0 23.0 53x15,2,7
1408291873 206.58 101 11.598 139.4 398568592 -1035247963 0 0 23.0 53x15,2,7
1408291874 217.82 100 11.234 138.4 398569761 -1035247158 1 9 23.0 53x13,2,9
1408291875 228.55 100 10.73 138.0 398570745 -1035246295 14 73 23.0 53x13,2,9
1408291876 239.12 99 10.572 137.6 398571673 -1035245483 86 75 23.0 53x13,2,9
1408291877 249.74 99 10.618 137.6 398572745 -1035245001 8 75 23.0 53x13,2,9
1408291878 260.51 100 10.777 137.6 398573830 -1035245153 8 26 23.0 53x13,2,9
1408291879 271.75 100 11.234 137.6 398574870 -1035245644 45 74 24.0 53x13,2,9
1408291880 283.53 102 11.785 136.8 398575530 -1035247156 74 81 24.0 53x13,2,9
1408291881 296.08 101 12.55 135.2 398576431 -1035248214 54 77 24.0 53x13,2,9
1408291882 309.16 102 13.082 134.4 398577465 -1035249283 0 77 24.0 53x13,2,9
1408291883 322.74 102 13.576 134.4 398578778 -1035250130 0 0 24.0 53x13,2,9
1408291884 336.11 101 13.371 133.0 398580244 -1035250202 0 0 24.0 53x13,2,9
1408291885 349.0 101 12.886 130.4 398581545 -1035249597 1 14 24.0 53x12,2,10
1408291886 361.47 98 12.475 129.8 398582718 -1035248605 109 84 24.0 53x12,2,10
1408291887 373.59 96 12.121 130.0 398583772 -1035247567 180 84 24.0 53x12,2,10
1408291888 385.51 95 11.915 130.0 398584757 -1035246654 180 79 24.0 53x12,2,10
1408291889 397.2 95 11.691 130.4 398585825 -1035245729 174 77 24.0 53x12,2,10
1408291890 408.61 95 11.411 130.4 398586848 -1035244853 171 75 24.0 53x12,2,10
1408291891 419.9 96 11.29 130.4 398587768 -1035243950 162 75 24.0 53x13,2,9
1408291892 430.9 97 11.001 130.4 398588660 -1035242906 162 74 24.0 53x13,2,9
1408291893 441.73 98 10.833 130.8 398589465 -1035241884 165 77 24.0 53x13,2,9
1408291894 452.2 99 10.469 130.8 398590253 -1035240914 143 77 24.0 53x14,2,8
1408291895 462.33 100 10.124 131.0 398591142 -1035239938 143 77 24.0 53x14,2,8
1408291896 472.17 101 9.844 131.4 398591963 -1035239140 162 76 24.0 53x14,2,8
1408291897 481.92 102 9.751 131.6 398592842 -1035238499 80 73 24.0 53x14,2,8
1408291898 491.56 102 9.639 131.8 398593887 -1035237950 5 59 24.0 53x14,2,8
1408291899 501.07 102 9.508 132.2 398594896 -1035237667 0 59 24.0 53x14,2,8
1408291900 510.64 102 9.573 132.4 398595817 -1035237507 0 59 24.0 53x14,2,8
1408291901 520.39 103 9.751 132.4 398596766 -1035237011 0 0 24.0 53x14,2,8
1408291902 529.26 103 8.864 132.4 398597330 -1035236082 5 16 24.0 53x14,2,8
1408291903 537.67 103 8.416 132.2 398597514 -1035234988 224 66 24.0 53x14,2,8
1408291904 545.36 103 7.688 132.2 398597485 -1035233942 246 61 24.0 53x14,2,8
1408291905 552.04 103 6.681 132.8 398597317 -1035232914 242 55 24.0 53x14,2,8
1408291906 558.05 103 6.009 133.4 398597335 -1035232084 208 47 24.0 53x14,2,8
1408291907 563.4 104 5.346 134.0 398597316 -1035231340 184 47 25.0 53x14,2,8
1408291908 568.06 105 4.665 135.2 398597294 -1035230726 184 38 25.0 53x14,2,8
1408291909 571.94 106 3.882 136.2 398597139 -1035230255 101 38 25.0 53x14,2,8
1408291910 575.43 106 3.49 136.6 398597429 -1035229986 101 29 25.0 53x14,2,8
1408291911 579.23 106 3.798 137.2 398597728 -1035230311 124 29 25.0 53x14,2,8
1408291912 584.29 107 5.057 137.4 398597757 -1035230763 124 32 25.0 53x14,2,8
1408291913 590.79 107 6.503 137.0 398597554 -1035231430 181 45 25.0 53x14,2,8
1408291914 598.49 107 7.698 136.4 398597418 -1035232286 209 57 25.0 53x14,2,8
1408291915 607.54 107 9.051 135.8 398597376 -1035233287 219 66 25.0 53x14,2,8
1408291916 617.23 107 9.685 134.8 398597411 -1035234563 59 66 25.0 53x14,2,8
1408291917 627.29 108 10.068 133.8 398597390 -1035235883 59 43 25.0 53x14,2,8
1408291918 637.42 108 10.124 132.8 398597401 -1035237205 130 76 25.0 53x14,2,8
1408291919 647.59 108 10.17 132.4 398597486 -1035238619 132 76 25.0 53x14,2,8
1408291920 657.85 109 10.264 132.0 398597540 -1035239928 128 77 25.0 53x14,2,8
1408291921 668.11 109 10.264 131.4 398597561 -1035241262 121 77 25.0 53x14,2,8
1408291922 678.38 109 10.264 131.0 398597587 -1035242623 123 78 25.0 53x14,2,8
1408291923 688.5 110 10.124 131.0 398597579 -1035243955 119 77 25.0 53x14,2,8
1408291924 698.21 110 9.704 131.0 398597627 -1035245214 57 74 25.0 39x14,1,8
1408291925 707.42 111 9.209 131.2 398597852 -1035246449 5 62 25.0 39x14,1,8
1408291926 716.32 111 8.901 131.2 398598121 -1035247507 6 65 25.0 39x14,1,8
1408291927 724.44 111 8.127 131.2 398598382 -1035248509 2 65 25.0 39x14,1,8
1408291928 732.24 111 7.8 131.4 398598729 -1035249422 2 32 25.0 39x14,1,8
1408291929 739.75 110 7.502 132.2 398599159 -1035250219 52 64 25.0 39x14,1,8
1408291930 746.85 110 7.101 132.6 398599802 -1035250705 162 76 25.0 39x17,1,6
1408291931 753.25 111 6.401 133.0 398600572 -1035250478 131 73 25.0 39x19,1,5
1408291932 759.43 111 6.177 133.8 398601151 -1035250237 162 84 25.0 39x19,1,5
1408291933 765.26 111 5.832 134.0 398601639 -1035249919 174 83 25.0 39x19,1,5
1408291934 770.67 111 5.412 134.2 398601991 -1035249680 179 78 25.0 39x21,1,4
1408291935 775.44 111 4.768 134.6 398602500 -1035249423 188 71 25.0 39x23,1,3
1408291936 779.92 112 4.479 135.0 398603004 -1035249280 169 73 25.0 39x23,1,3
1408291937 784.26 112 4.348 135.4 398603401 -1035249191 182 74 26.0 39x23,1,3
1408291938 788.46 113 4.199 135.8 398603799 -1035249046 172 72 26.0 39x23,1,3
1408291939 792.68 113 4.217 135.8 398604209 -1035249001 167 71 26.0 39x23,1,3
1408291940 796.96 114 4.283 136.0 398604603 -1035248949 162 72 26.0 39x23,1,3
1408291941 801.26 114 4.301 136.2 398604988 -1035248878 147 73 26.0 39x23,1,3
1408291942 805.55 115 4.283 136.4 398605291 -1035248841 147 73 26.0 39x23,1,3
1408291943 809.91 115 4.367 136.6 398605727 -1035248767 150 73 26.0 39x23,1,3
1408291944 814.31 115 4.395 136.8 398606136 -1035248792 147 74 26.0 39x23,1,3
1408291945 818.57 115 4.264 137.0 398606592 -1035248767 150 74 26.0 39x25,1,2
1408291946 822.79 115 4.217 137.0 398606968 -1035248752 159 72 26.0 39x25,1,2
1408291947 826.79 115 4.003 137.2 398607414 -1035248762 174 74 26.0 39x28,1,1
1408291948 830.62 116 3.826 138.0 398607811 -1035248772 182 71 26.0 39x28,1,1
1408291949 834.29 116 3.667 138.2 398608185 -1035248780 183 72 26.0 39x28,1,1
1408291950 837.69 116 3.406 138.4 398608558 -1035248774 200 68 26.0 39x28,1,1
1408291951 840.91 116 3.219 138.6 398608883 -1035248675 196 66 26.0 39x28,1,1
1408291952 844.06 117 3.154 138.6 398609242 -1035248706 196 64 26.0 39x28,1,1
1408291953 847.04 117 2.976 139.0 398609605 -1035248686 178 61 26.0 39x28,1,1
1408291954 850.02 116 2.976 139.4 398609935 -1035248656 166 63 26.0 39x28,1,1
1408291955 853.22 116 3.2 139.6 398610248 -1035248581 155 65 26.0 39x28,1,1
1408291956 856.55 117 3.331 139.8 398610607 -1035248574 145 69 26.0 39x28,1,1
1408291957 860.01 117 3.462 139.8 398611013 -1035248578 144 71 26.0 39x28,1,1
1408291958 863.33 116 3.322 140.0 398611405 -1035248545 172 69 26.0 39x28,1,1
1408291959 866.56 116 3.228 140.2 398611769 -1035248575 195 65 26.0 39x28,1,1
1408291960 869.54 117 2.976 140.4 398612099 -1035248603 182 59 26.0 39x28,1,1
1408291961 872.24 117 2.706 140.8 398612360 -1035248676 234 59 26.0 39x28,1,1
1408291962 875.13 117 2.883 141.0 398612641 -1035248737 243 57 26.0 39x28,1,1
1408291963 877.8 117 2.678 141.2 398612961 -1035248750 260 57 26.0 39x28,1,1
1408291964 880.55 117 2.743 141.4 398613299 -1035248775 260 55 26.0 39x28,1,1
1408291965 883.16 117 2.613 141.6 398613606 -1035248766 270 55 26.0 39x28,1,1
1408291966 885.84 118 2.678 142.0 398613767 -1035248812 288 53 26.0 39x28,1,1
1408291967 888.38 118 2.538 142.4 398614079 -1035248804 287 51 26.0 39x28,1,1
1408291968 890.91 118 2.538 142.8 398614386 -1035248747 292 50 26.0 39x28,1,1
1408291969 893.29 119 2.379 143.0 398614622 -1035248740 295 48 26.0 39x28,1,1
1408291970 895.55 119 2.258 143.2 398614756 -1035248649 298 48 26.0 39x28,1,1
1408291971 897.63 119 2.081 143.6 398615009 -1035248676 298 45 26.0 39x28,1,1
1408291972 899.79 119 2.155 144.0 398615209 -1035248666 276 42 26.0 39x28,1,1
1408291973 901.75 120 1.959 144.4 398615483 -1035248686 256 42 26.0 39x28,1,1
1408291974 903.9 120 2.155 144.8 398615707 -1035248661 256 43 26.0 39x28,1,1
1408291975 906.02 120 2.118 145.2 398615983 -1035248651 239 44 26.0 39x28,1,1
1408291976 908.39 120 2.37 145.2 398616260 -1035248640 232 49 26.0 39x28,1,1
1408291977 911.07 121 2.678 145.4 398616554 -1035248623 192 54 26.0 39x28,1,1
1408291978 913.65 122 2.585 145.6 398616828 -1035248650 144 53 26.0 39x28,1,1
1408291979 916.3 122 2.65 145.8 398617158 -1035248647 122 55 26.0 39x28,1,1
1408291980 919.04 123 2.734 146.0 398617438 -1035248680 98 55 26.0 39x28,1,1
1408291981 921.98 123 2.939 146.2 398617722 -1035248678 98 58 26.0 39x28,1,1
1408291982 925.0 123 3.023 146.4 398618059 -1035248697 71 62 26.0 39x28,1,1
1408291983 928.28 124 3.284 146.4 398618365 -1035248680 55 68 27.0 39x28,1,1
1408291984 931.75 124 3.471 146.2 398618575 -1035248639 55 72 27.0 39x28,1,1
1408291985 935.53 125 3.779 146.2 398618884 -1035248654 55 77 27.0 39x28,1,1
1408291986 939.51 125 3.975 146.0 398619237 -1035248603 59 81 27.0 39x28,1,1
1408291987 943.65 125 4.143 145.8 398619626 -1035248459 60 85 27.0 39x28,1,1
1408291988 947.93 126 4.283 146.0 398619966 -1035248349 68 87 27.0 39x28,1,1
1408291989 952.31 126 4.376 146.0 398620413 -1035248244 75 90 27.0 39x28,1,1
1408291990 956.73 127 4.423 146.0 398620807 -1035248148 88 91 27.0 39x28,1,1
1408291991 961.05 127 4.32 146.0 398621268 -1035248092 99 89 27.0 39x28,1,1
1408291992 965.17 127 4.115 146.2 398621680 -1035248011 103 85 27.0 39x28,1,1
1408291993 969.01 127 3.844 146.4 398622067 -1035247985 123 79 27.0 39x28,1,1
1408291994 972.58 128 3.564 146.4 398622488 -1035248010 137 74 27.0 39x28,1,1
1408291995 975.95 127 3.378 146.8 398622846 -1035247920 152 71 27.0 39x28,1,1
1408291996 979.21 128 3.256 147.0 398623136 -1035247935 168 68 27.0 39x28,1,1
1408291997 982.39 127 3.182 147.4 398623464 -1035247990 173 65 27.0 39x28,1,1
1408291998 985.33 126 2.939 147.6 398623781 -1035247941 172 61 27.0 39x28,1,1
1408291999 987.85 125 2.519 147.8 398624066 -1035247847 146 54 27.0 39x28,1,1
1408292000 990.53 124 2.678 147.8 398624304 -1035247808 209 54 27.0 39x28,1,1
1408292001 993.17 123 2.641 148.2 398624588 -1035247664 207 55 27.0 39x28,1,1
1408292002 995.9 123 2.734 148.4 398624829 -1035247598 216 55 27.0 39x28,1,1
1408292003 998.47 123 2.566 148.6 398625079 -1035247495 214 54 27.0 39x28,1,1
1408292004 1001.12 123 2.65 148.8 398625312 -1035247454 223 54 27.0 39x28,1,1
1408292005 1003.66 123 2.538 149.2 398625580 -1035247321 223 53 27.0 39x28,1,1
1408292006 1006.12 123 2.463 149.4 398625746 -1035247225 219 52 27.0 39x28,1,1
1408292007 1008.59 122 2.473 149.8 398625907 -1035247137 224 51 27.0 39x28,1,1
1408292008 1011.06 122 2.473 150.2 398626230 -1035246916 251 50 27.0 39x28,1,1
1408292009 1013.46 122 2.398 150.2 398626497 -1035246749 257 51 27.0 39x28,1,1
1408292010 1016.04 122 2.575 150.4 398626710 -1035246717 245 51 27.0 39x28,1,1
1408292011 1018.68 122 2.641 150.8 398626958 -1035246568 245 51 27.0 39x28,1,1
1408292012 1021.08 122 2.398 151.2 398627226 -1035246408 245 52 27.0 39x28,1,1
1408292013 1023.54 122 2.463 151.4 398627502 -1035246299 249 51 27.0 39x28,1,1
1408292014 1025.97 122 2.435 151.6 398627871 -1035246108 252 50 27.0 39x28,1,1
1408292015 1028.34 122 2.361 151.8 398628185 -1035245942 257 49 27.0 39x28,1,1
1408292016 1030.71 123 2.37 152.2 398628412 -1035245770 264 46 27.0 39x28,1,1
1408292017 1032.85 123 2.146 152.4 398628622 -1035245587 273 46 27.0 39x28,1,1
1408292018 1035.17 124 2.314 152.6 398628818 -1035245475 273 46 27.0 39x28,1,1
1408292019 1037.21 124 2.043 153.0 398629082 -1035245381 273 45 27.0 39x28,1,1
1408292020 1039.35 125 2.137 153.4 398629247 -1035245198 277 44 27.0 39x28,1,1
1408292021 1041.38 125 2.034 153.8 398629416 -1035245052 273 42 27.0 39x28,1,1
1408292022 1043.33 126 1.95 154.0 398629576 -1035244875 264 40 27.0 39x28,1,1
1408292023 1045.26 126 1.931 154.4 398629715 -1035244754 249 40 27.0 39x28,1,1
1408292024 1046.98 126 1.717 154.8 398629843 -1035244602 249 38 27.0 39x28,1,1
1408292025 1048.88 127 1.903 155.0 398630003 -1035244495 229 37 27.0 39x28,1,1
1408292026 1050.56 128 1.68 155.2 398630188 -1035244324 214 37 27.0 39x28,1,1
1408292027 1052.24 128 1.68 155.6 398630393 -1035244160 214 36 27.0 39x28,1,1
1408292028 1054.05 129 1.81 155.8 398630535 -1035244022 70 36 27.0 39x28,1,1
1408292029 1055.79 129 1.736 156.0 398630692 -1035243957 70 36 27.0 39x28,1,1
1408292030 1057.52 129 1.736 156.2 398630758 -1035243945 70 20 27.0 39x28,1,1
1408292031 1059.26 129 1.736 156.2 398630883 -1035243901 0 20 27.0 39x28,1,1
1408292032 1059.26 130 0.0 156.4 398631010 -1035243935 0 20 27.0 39x28,1,1
1408292033 1059.66 130 0.0 156.4 398631057 -1035243952 0 0 27.0 39x28,1,1
1408292034 1060.32 130 0.0 156.4 398631131 -1035243968 0 0 27.0 39x28,1,1
1408292035 1060.79 130 0.0 156.4 398631187 -1035243993 0 0 27.0 39x28,1,1
1408292036 1061.4 129 0.0 156.4 398631257 -1035244012 0 0 27.0 39x28,1,1
1408292037 1061.69 129 0.0 156.4 398631288 -1035244012 0 0 27.0 39x28,1,1
1408292038 1061.93 128 0.0 156.4 398631316 -1035244022 0 0 27.0 39x28,1,1
1408292039 1062.18 128 0.0 156.2 398631341 -1035244006 0 0 27.0 39x28,1,1
1408292040 1062.51 128 0.0 156.2 398631378 -1035244010 0 0 27.0 39x28,1,1
1408292041 1063.69 128 1.176 156.4 398631413 -1035243996 0 0 27.0 39x28,1,1
1408292042 1066.8 128 3.116 156.4 398631414 -1035243958 0 0 27.0 39x28,1,1
1408292043 1069.92 128 3.116 156.8 398631475 -1035243977 0 0 27.0 39x28,1,1
1408292044 1073.04 127 3.116 156.8 398631506 -1035243960 0 0 27.0 39x28,1,1
1408292045 1073.04 126 0.0 156.8 398631584 -1035243954 0 0 27.0 39x28,1,1
1408292046 1073.56 125 0.0 156.8 398631639 -1035243943 0 0 27.0 39x28,1,1
1408292047 1074.81 124 0.579 156.8 398631770 -1035243986 0 0 27.0 39x28,1,1
1408292048 1076.68 124 1.866 156.8 398631870 -1035244004 0 37 27.0 39x28,1,1
1408292049 1078.54 124 1.866 156.8 398632139 -1035244183 273 53 27.0 39x25,1,2
1408292050 1080.41 125 1.866 157.0 398632411 -1035244443 289 68 27.0 39x21,1,4
1408292051 1084.82 125 4.413 156.8 398632779 -1035244812 287 72 27.0 39x19,1,5
1408292052 1089.75 125 4.927 156.8 398633068 -1035245299 250 73 27.0 39x19,1,5
1408292053 1095.76 126 6.009 157.0 398633493 -1035245802 257 75 27.0 39x19,1,5
1408292054 1101.82 126 6.056 156.8 398633967 -1035246415 67 49 27.0 39x19,1,5
1408292055 1108.22 126 6.401 156.6 398634429 -1035246954 141 86 27.0 39x19,1,5
1408292056 1115.0 126 6.783 156.6 398634913 -1035247535 105 88 27.0 53x19,2,5
1408292057 1122.25 125 7.25 156.6 398635471 -1035248193 81 72 27.0 53x19,2,5
1408292058 1130.08 125 7.828 156.4 398636050 -1035248888 103 76 27.0 53x19,2,5
1408292059 1138.43 125 8.351 156.0 398636736 -1035249476 83 82 27.0 53x19,2,5
1408292060 1147.15 124 8.724 155.4 398637488 -1035250099 86 87 27.0 53x19,2,5
1408292061 1156.02 124 8.864 155.0 398638253 -1035250702 84 90 27.0 53x19,2,5
1408292062 1165.14 123 9.125 154.8 398639032 -1035251297 85 92 27.0 53x17,2,6
1408292063 1174.47 123 9.331 154.4 398639953 -1035251940 77 86 27.0 53x17,2,6
1408292064 1183.93 123 9.452 154.2 398640812 -1035252552 90 86 27.0 53x17,2,6
1408292065 1193.63 123 9.704 153.8 398641778 -1035253037 94 88 27.0 53x17,2,6
1408292066 1203.52 122 9.891 153.0 398642800 -1035253460 93 90 27.0 53x15,2,7
1408292067 1213.59 122 10.068 152.6 398643828 -1035253776 98 83 27.0 53x15,2,7
1408292068 1223.78 121 10.189 152.2 398644870 -1035254104 128 82 27.0 53x15,2,7
1408292069 1234.19 121 10.413 152.0 398646001 -1035254364 135 84 27.0 53x15,2,7
1408292070 1244.76 120 10.572 152.0 398647175 -1035254582 144 85 27.0 53x15,2,7
1408292071 1255.33 120 10.572 151.8 398648307 -1035254528 162 86 27.0 53x15,2,7
1408292072 1265.81 120 10.478 151.8 398649388 -1035254173 166 85 27.0 53x15,2,7
1408292073 1276.23 120 10.413 151.6 398650473 -1035253833 165 85 27.0 53x15,2,7
1408292074 1286.59 119 10.366 151.4 398651570 -1035253555 166 84 27.0 53x15,2,7
1408292075 1296.76 119 10.17 151.6 398652688 -1035253223 170 83 27.0 53x15,2,7
1408292076 1306.83 119 10.068 151.6 398653749 -1035252923 171 82 27.0 53x15,2,7
1408292077 1316.74 119 9.909 151.6 398654828 -1035252703 173 81 27.0 53x15,2,7
1408292078 1326.49 118 9.751 151.8 398655868 -1035252423 181 80 27.0 53x15,2,7
1408292079 1335.94 118 9.452 152.0 398656804 -1035252191 179 78 27.0 53x17,2,6
1408292080 1345.03 118 9.088 152.0 398657801 -1035251954 156 79 27.0 53x17,2,6
1408292081 1353.86 117 8.827 152.4 398658689 -1035251704 174 82 27.0 53x17,2,6
1408292082 1362.4 117 8.547 152.6 398659629 -1035251456 176 79 27.0 53x17,2,6
1408292083 1370.78 118 8.379 153.0 398660537 -1035251211 173 78 27.0 53x17,2,6
1408292084 1379.0 118 8.22 153.2 398661427 -1035250826 172 77 27.0 53x17,2,6
1408292085 1387.13 118 8.127 153.2 398662240 -1035250577 174 75 27.0 53x17,2,6
1408292086 1395.26 118 8.127 152.8 398663044 -1035250355 169 75 27.0 53x17,2,6
1408292087 1403.41 118 8.155 153.2 398663882 -1035250141 168 75 27.0 53x17,2,6
1408292088 1411.7 118 8.286 153.4 398664730 -1035249902 153 76 27.0 53x17,2,6
1408292089 1420.08 118 8.379 153.4 398665552 -1035249638 148 77 27.0 53x17,2,6
1408292090 1428.59 118 8.51 153.2 398666386 -1035249334 147 78 27.0 53x17,2,6
1408292091 1437.24 118 8.65 153.0 398667127 -1035249149 153 79 27.0 53x17,2,6
1408292092 1445.99 118 8.752 152.8 398667860 -1035248936 146 80 27.0 53x17,2,6
1408292093 1454.81 118 8.827 152.8 398668716 -1035248698 137 81 27.0 53x17,2,6
1408292094 1463.87 118 9.051 152.8 398669585 -1035248459 138 82 27.0 53x17,2,6
1408292095 1472.99 118 9.125 152.6 398670480 -1035248206 125 83 28.0 53x17,2,6
1408292096 1482.24 119 9.247 152.6 398671405 -1035247898 117 84 28.0 53x17,2,6
1408292097 1491.57 119 9.331 152.6 398672368 -1035247714 127 85 28.0 53x17,2,6
1408292098 1500.97 119 9.405 152.2 398673279 -1035247511 131 86 28.0 53x17,2,6
1408292099 1510.51 119 9.536 152.0 398674404 -1035247228 139 87 28.0 53x17,2,6
1408292100 1520.05 119 9.536 151.4 398675462 -1035246984 150 88 28.0 53x17,2,6
1408292101 1529.62 119 9.573 151.0 398676468 -1035246690 144 88 28.0 53x15,2,7
1408292102 1539.32 120 9.704 151.0 398677513 -1035246409 137 81 28.0 53x15,2,7
1408292103 1549.07 120 9.751 151.0 398678459 -1035246163 151 79 28.0 53x15,2,7
1408292104 1558.87 120 9.797 151.0 398679538 -1035245875 151 79 28.0 53x15,2,7
1408292105 1568.76 120 9.891 150.8 398680652 -1035245573 151 80 28.0 53x15,2,7
1408292106 1578.74 121 9.975 150.6 398681741 -1035245248 150 80 28.0 53x15,2,7
1408292107 1588.71 121 9.975 150.4 398682781 -1035244959 153 81 28.0 53x15,2,7
1408292108 1598.68 121 9.975 150.0 398683815 -1035244631 148 81 28.0 53x15,2,7
1408292109 1608.71 122 10.021 150.0 398684813 -1035244354 145 81 28.0 53x15,2,7
1408292110 1618.77 122 10.068 150.0 398685778 -1035244051 146 81 28.0 53x15,2,7
1408292111 1628.84 122 10.068 149.8 398686941 -1035243757 143 81 28.0 53x15,2,7
1408292112 1638.94 122 10.096 149.8 398688022 -1035243430 138 81 28.0 53x15,2,7
1408292113 1649.06 122 10.124 149.6 398689067 -1035243143 136 82 28.0 53x15,2,7
1408292114 1659.23 123 10.17 149.4 398690169 -1035242881 137 82 28.0 53x15,2,7
1408292115 1669.45 123 10.217 149.4 398691193 -1035242579 139 82 28.0 53x15,2,7
1408292116 1679.76 123 10.31 149.2 398692288 -1035242224 136 83 28.0 53x15,2,7
1408292117 1690.2 123 10.441 148.6 398693438 -1035241952 141 84 28.0 53x15,2,7
1408292118 1700.67 123 10.469 148.0 398694526 -1035241645 139 85 28.0 53x15,2,7
1408292119 1711.26 123 10.59 147.6 398695688 -1035241359 136 85 28.0 53x15,2,7
1408292120 1721.92 123 10.656 147.4 398696872 -1035241100 136 86 28.0 53x15,2,7
1408292121 1732.66 123 10.749 147.2 398697967 -1035240789 135 87 28.0 53x15,2,7
1408292122 1743.5 123 10.833 147.2 398699072 -1035240502 125 87 28.0 53x15,2,7
1408292123 1754.33 123 10.833 147.0 398700216 -1035240296 128 88 28.0 53x15,2,7
1408292124 1765.27 123 10.945 146.6 398701372 -1035240035 126 88 28.0 53x15,2,7
1408292125 1776.22 123 10.945 146.4 398702554 -1035239753 130 89 28.0 53x15,2,7
1408292126 1787.16 123 10.945 146.0 398703699 -1035239571 134 89 28.0 53x15,2,7
1408292127 1798.11 122 10.945 145.8 398704873 -1035239271 135 89 28.0 53x15,2,7
1408292128 1809.08 122 10.973 145.8 398705987 -1035238963 142 89 28.0 53x15,2,7
1408292129 1820.08 122 11.001 145.8 398707221 -1035238622 145 89 28.0 53x15,2,7
1408292130 1830.92 122 10.833 145.8 398708418 -1035238316 149 88 28.0 53x15,2,7
1408292131 1841.81 121 10.889 145.4 398709554 -1035237993 158 88 28.0 53x15,2,7
1408292132 1852.64 121 10.833 145.2 398710741 -1035237622 168 88 28.0 53x15,2,7
1408292133 1863.39 121 10.749 145.0 398711888 -1035237358 154 88 28.0 53x15,2,7
1408292134 1873.98 120 10.59 144.8 398713021 -1035237100 154 87 28.0 53x15,2,7
1408292135 1884.45 120 10.469 144.6 398714199 -1035236810 158 86 28.0 53x15,2,7
1408292136 1894.81 121 10.366 144.6 398715344 -1035236506 167 84 28.0 53x15,2,7
1408292137 1905.03 120 10.217 144.6 398716476 -1035236262 169 84 28.0 53x15,2,7
1408292138 1915.15 121 10.124 144.6 398717601 -1035235984 169 83 28.0 53x15,2,7
1408292139 1925.22 120 10.068 144.2 398718687 -1035235734 170 82 28.0 53x15,2,7
1408292140 1935.29 120 10.068 144.4 398719729 -1035235475 167 81 28.0 53x17,2,6
1408292141 1945.31 120 10.021 144.6 398720798 -1035235193 159 85 28.0 53x17,2,6
1408292142 1955.48 120 10.17 144.8 398721867 -1035234927 166 93 28.0 53x17,2,6
1408292143 1965.46 120 9.975 144.8 398722927 -1035234633 163 93 28.0 53x17,2,6
1408292144 1975.3 119 9.844 144.6 398724012 -1035234442 155 91 28.0 53x17,2,6
1408292145 1985.0 119 9.704 144.4 398725048 -1035234203 153 90 28.0 53x17,2,6
1408292146 1994.62 119 9.62 144.2 398726020 -1035234065 169 89 28.0 53x17,2,6
1408292147 2004.03 120 9.405 144.2 398727075 -1035233865 164 87 28.0 53x17,2,6
1408292148 2013.28 120 9.247 144.6 398728046 -1035233714 168 86 28.0 53x17,2,6
1408292149 2022.33 120 9.051 145.2 398729038 -1035233583 180 84 28.0 53x17,2,6
1408292150 2031.23 120 8.901 145.2 398730029 -1035233506 175 83 28.0 53x17,2,6
1408292151 2039.95 120 8.724 145.2 398730967 -1035233416 182 82 28.0 53x17,2,6
1408292152 2048.68 120 8.724 145.2 398731864 -1035233331 167 80 28.0 53x17,2,6
1408292153 2057.54 121 8.864 145.2 398732838 -1035233259 178 81 28.0 53x17,2,6
1408292154 2066.52 121 8.976 145.0 398733814 -1035233224 172 82 28.0 53x17,2,6
1408292155 2075.42 121 8.901 145.2 398734796 -1035233205 165 82 28.0 53x17,2,6
1408292156 2084.36 121 8.939 145.2 398735779 -1035233234 164 82 28.0 53x17,2,6
1408292157 2093.22 121 8.864 145.0 398736726 -1035233272 165 82 28.0 53x17,2,6
1408292158 2102.23 121 9.013 144.6 398737655 -1035233276 172 82 28.0 53x17,2,6
1408292159 2111.28 122 9.051 144.6 398738676 -1035233267 176 83 28.0 53x17,2,6
1408292160 2120.26 122 8.976 144.4 398739665 -1035233206 188 84 28.0 53x17,2,6
1408292161 2129.24 122 8.976 144.2 398740590 -1035233308 167 83 28.0 53x17,2,6
1408292162 2138.21 122 8.976 144.4 398741568 -1035233408 175 82 28.0 53x17,2,6
1408292163 2147.23 122 9.013 144.4 398742500 -1035233490 150 82 28.0 53x17,2,6
1408292164 2156.24 123 9.013 144.8 398743443 -1035233504 150 83 28.0 53x17,2,6
1408292165 2165.07 123 8.827 145.0 398744456 -1035233551 25 70 28.0 39x17,1,6
1408292166 2173.68 123 8.612 144.8 398745432 -1035233588 9 72 28.0 39x17,1,6
1408292167 2181.81 124 8.127 144.6 398746322 -1035233603 0 72 28.0 39x17,1,6
1408292168 2189.46 124 7.651 144.6 398747185 -1035233585 0 72 28.0 39x17,1,6
1408292169 2196.54 125 7.082 144.8 398747969 -1035233709 0 0 28.0 39x17,1,6
1408292170 2202.96 124 6.42 144.6 398748686 -1035233775 0 0 28.0 39x17,1,6
1408292171 2209.19 124 6.233 144.6 398749405 -1035233805 2 10 28.0 39x17,1,6
1408292172 2215.61 124 6.42 144.6 398750083 -1035233760 98 79 28.0 39x17,1,6
1408292173 2222.51 124 6.895 144.6 398750737 -1035233450 174 85 28.0 39x19,1,5
1408292174 2228.94 123 6.429 144.2 398751202 -1035232829 220 84 28.0 39x21,1,4
1408292175 2234.78 122 5.841 144.4 398751356 -1035232040 205 88 28.0 39x21,1,4
1408292176 2240.42 122 5.645 144.4 398751340 -1035231334 208 88 28.0 39x21,1,4
1408292177 2245.92 121 5.496 144.6 398751350 -1035230581 216 85 28.0 39x21,1,4
1408292178 2251.19 121 5.272 144.8 398751338 -1035229865 221 83 28.0 39x21,1,4
1408292179 2256.32 121 5.132 145.6 398751307 -1035229235 221 80 28.0 39x23,1,3
1408292180 2261.19 120 4.871 146.2 398751298 -1035228574 216 83 28.0 39x23,1,3
1408292181 2265.88 120 4.693 146.6 398751228 -1035227981 219 82 28.0 39x25,1,2
1408292182 2270.39 120 4.507 146.8 398751182 -1035227422 228 83 28.0 39x25,1,2
1408292183 2274.73 120 4.339 147.2 398751108 -1035226875 240 81 28.0 39x25,1,2
1408292184 2278.87 120 4.143 147.6 398751033 -1035226326 237 77 28.0 39x25,1,2
1408292185 2282.9 120 4.031 148.0 398750983 -1035225799 229 74 28.0 39x25,1,2
1408292186 2286.75 120 3.844 148.2 398750900 -1035225298 227 71 28.0 39x25,1,2
1408292187 2290.53 121 3.779 148.4 398750825 -1035224866 241 70 28.0 39x25,1,2
1408292188 2294.03 121 3.499 148.6 398750715 -1035224433 208 66 28.0 39x25,1,2
1408292189 2297.71 122 3.686 148.8 398750642 -1035224033 247 67 28.0 39x25,1,2
1408292190 2301.34 121 3.63 149.0 398750462 -1035223626 258 68 28.0 39x25,1,2
1408292191 2304.97 122 3.63 149.2 398750374 -1035223184 252 67 28.0 39x25,1,2
1408292192 2308.64 122 3.667 149.6 398750225 -1035222756 258 67 28.0 39x25,1,2
1408292193 2312.19 123 3.555 150.0 398750118 -1035222311 245 66 28.0 39x25,1,2
1408292194 2315.79 123 3.592 150.4 398750065 -1035221925 234 65 28.0 39x25,1,2
1408292195 2319.39 124 3.602 150.6 398749986 -1035221495 229 66 28.0 39x25,1,2
1408292196 2323.03 126 3.648 151.0 398749904 -1035221060 221 66 28.0 39x25,1,2
1408292197 2326.58 126 3.546 151.0 398749823 -1035220633 215 66 28.0 39x25,1,2
1408292198 2330.16 127 3.583 151.2 398749706 -1035220164 214 66 28.0 39x25,1,2
1408292199 2333.73 129 3.564 151.4 398749561 -1035219694 212 66 28.0 39x25,1,2
1408292200 2337.34 130 3.611 151.6 398749441 -1035219237 202 66 28.0 39x25,1,2
1408292201 2340.88 131 3.546 152.0 398749304 -1035218791 198 66 28.0 39x25,1,2
1408292202 2344.5 132 3.611 152.2 398749132 -1035218407 196 66 28.0 39x25,1,2
1408292203 2348.07 132 3.574 152.6 398748991 -1035218018 197 67 28.0 39x25,1,2
1408292204 2351.75 133 3.686 152.6 398748921 -1035217497 184 67 29.0 39x25,1,2
1408292205 2355.34 134 3.583 152.6 398748876 -1035217022 183 67 29.0 39x25,1,2
1408292206 2358.93 134 3.592 152.8 398748764 -1035216579 184 66 29.0 39x25,1,2
1408292207 2362.48 134 3.546 153.0 398748641 -1035216114 185 65 29.0 39x25,1,2
1408292208 2366.08 135 3.602 153.2 398748545 -1035215644 190 65 29.0 39x25,1,2
1408292209 2369.91 135 3.835 153.4 398748396 -1035215233 192 67 29.0 39x25,1,2
1408292210 2373.39 136 3.48 153.6 398748267 -1035214795 195 68 29.0 39x28,1,1
1408292211 2376.76 136 3.368 153.8 398748211 -1035214451 188 70 29.0 39x28,1,1
1408292212 2380.29 137 3.527 154.0 398748146 -1035214059 191 72 29.0 39x28,1,1
1408292213 2383.83 137 3.546 154.2 398748079 -1035213630 189 73 29.0 39x28,1,1
1408292214 2387.29 137 3.452 154.4 398748023 -1035213199 192 71 29.0 39x28,1,1
1408292215 2390.73 137 3.443 154.6 398747947 -1035212786 187 72 29.0 39x28,1,1
1408292216 2394.18 137 3.452 154.8 398747858 -1035212388 195 71 29.0 39x28,1,1
1408292217 2397.63 138 3.443 155.2 398747768 -1035211958 209 71 29.0 39x28,1,1
1408292218 2401.03 138 3.406 155.4 398747718 -1035211621 206 70 29.0 39x28,1,1
1408292219 2404.42 138 3.387 155.6 398747627 -1035211136 213 70 29.0 39x28,1,1
1408292220 2407.88 138 3.462 155.6 398747522 -1035210714 212 70 29.0 39x28,1,1
1408292221 2411.3 138 3.424 155.8 398747432 -1035210273 214 71 29.0 39x28,1,1
1408292222 2414.74 138 3.434 156.0 398747335 -1035209813 211 71 29.0 39x28,1,1
1408292223 2418.17 138 3.434 156.2 398747277 -1035209351 226 70 29.0 39x28,1,1
1408292224 2421.72 138 3.546 156.4 398747185 -1035208932 213 72 29.0 39x28,1,1
1408292225 2425.26 138 3.546 156.6 398747084 -1035208431 215 73 29.0 39x28,1,1
1408292226 2428.82 138 3.555 157.0 398746982 -1035207966 209 73 29.0 39x28,1,1
1408292227 2432.34 138 3.527 157.4 398746944 -1035207517 206 73 29.0 39x28,1,1
1408292228 2435.88 138 3.536 157.6 398746869 -1035207050 203 73 29.0 39x28,1,1
1408292229 2439.4 138 3.518 157.6 398746827 -1035206606 202 73 29.0 39x28,1,1
1408292230 2442.93 137 3.527 158.0 398746792 -1035206150 197 73 29.0 39x28,1,1
1408292231 2446.53 137 3.602 158.2 398746799 -1035205651 197 73 29.0 39x28,1,1
1408292232 2450.16 137 3.63 158.4 398746809 -1035205186 202 74 29.0 39x28,1,1
1408292233 2453.79 137 3.63 158.6 398746818 -1035204685 194 75 29.0 39x28,1,1
1408292234 2457.4 137 3.611 158.8 398746841 -1035204207 196 74 29.0 39x28,1,1
1408292235 2460.94 137 3.546 159.2 398746839 -1035203790 208 72 29.0 39x28,1,1
1408292236 2464.36 137 3.415 159.4 398746947 -1035203342 221 71 29.0 39x28,1,1
1408292237 2467.71 136 3.35 159.4 398747056 -1035202898 215 69 29.0 39x28,1,1
1408292238 2470.98 136 3.275 159.6 398747068 -1035202474 223 67 29.0 39x28,1,1
1408292239 2474.2 136 3.219 159.8 398747118 -1035202042 220 66 29.0 39x28,1,1
1408292240 2477.27 135 3.07 160.2 398747224 -1035201612 220 64 29.0 39x28,1,1
1408292241 2480.34 135 3.07 160.4 398747333 -1035201258 223 63 29.0 39x28,1,1
1408292242 2483.36 135 3.014 160.6 398747433 -1035200936 217 62 29.0 39x28,1,1
1408292243 2486.41 135 3.051 160.6 398747543 -1035200574 212 63 29.0 39x28,1,1
1408292244 2489.53 135 3.126 161.2 398747647 -1035200246 209 64 29.0 39x28,1,1
1408292245 2492.69 135 3.154 161.6 398747713 -1035199942 210 65 29.0 39x28,1,1
1408292246 2495.96 135 3.275 161.8 398747815 -1035199611 208 66 29.0 39x28,1,1
1408292247 2499.3 135 3.34 162.0 398747987 -1035199291 195 69 29.0 39x28,1,1
1408292248 2502.69 135 3.387 162.2 398748130 -1035198977 187 70 29.0 39x28,1,1
1408292249 2506.19 135 3.499 162.2 398748306 -1035198628 182 72 29.0 39x28,1,1
1408292250 2509.82 136 3.63 162.2 398748543 -1035198234 174 75 29.0 39x28,1,1
1408292251 2513.64 136 3.826 162.2 398748801 -1035197849 166 77 29.0 39x28,1,1
1408292252 2517.58 136 3.938 162.6 398749087 -1035197409 152 80 29.0 39x28,1,1
1408292253 2521.58 136 4.003 162.8 398749363 -1035197012 155 82 29.0 39x28,1,1
1408292254 2525.64 137 4.059 162.8 398749592 -1035196608 148 84 29.0 39x28,1,1
1408292255 2529.69 137 4.05 162.8 398749839 -1035196150 150 84 29.0 39x28,1,1
1408292256 2533.82 137 4.124 162.8 398750063 -1035195672 139 85 29.0 39x28,1,1
1408292257 2538.05 137 4.236 162.8 398750176 -1035195200 140 86 29.0 39x28,1,1
1408292258 2542.4 136 4.348 163.0 398750223 -1035194680 138 89 29.0 39x28,1,1
1408292259 2546.79 137 4.385 163.4 398750357 -1035194144 134 90 29.0 39x28,1,1
1408292260 2551.24 136 4.451 163.4 398750442 -1035193692 143 91 29.0 39x28,1,1
1408292261 2555.73 137 4.497 163.6 398750460 -1035193220 150 92 29.0 39x28,1,1
1408292262 2560.17 136 4.432 163.6 398750536 -1035192661 164 92 29.0 39x28,1,1
1408292263 2564.53 136 4.367 163.8 398750584 -1035192114 175 91 29.0 39x28,1,1
1408292264 2568.78 136 4.245 164.0 398750660 -1035191582 196 90 29.0 39x28,1,1
1408292265 2572.97 135 4.189 164.2 398750716 -1035191056 210 87 29.0 39x28,1,1
1408292266 2577.07 135 4.106 164.6 398750754 -1035190535 213 85 29.0 39x28,1,1
1408292267 2581.06 135 3.984 164.8 398750775 -1035189982 228 83 29.0 39x28,1,1
1408292268 2584.99 135 3.938 165.2 398750780 -1035189429 237 81 29.0 39x28,1,1
1408292269 2588.83 134 3.835 165.4 398750789 -1035188906 231 79 29.0 39x28,1,1
1408292270 2592.58 134 3.751 165.6 398750887 -1035188377 233 78 29.0 39x28,1,1
1408292271 2596.22 134 3.639 166.0 398750937 -1035187888 237 76 29.0 39x28,1,1
1408292272 2599.87 134 3.648 166.2 398750970 -1035187407 226 75 29.0 39x28,1,1
1408292273 2603.46 134 3.592 166.2 398751005 -1035186884 221 74 29.0 39x28,1,1
1408292274 2607.01 134 3.546 166.6 398751052 -1035186408 210 73 29.0 39x28,1,1
1408292275 2610.67 133 3.667 166.6 398751100 -1035185904 196 75 29.0 39x28,1,1
1408292276 2614.42 133 3.751 166.6 398751143 -1035185417 178 77 29.0 39x28,1,1
1408292277 2618.2 133 3.779 166.8 398751201 -1035184912 172 78 29.0 39x28,1,1
1408292278 2622.04 132 3.835 167.0 398751247 -1035184436 175 79 29.0 39x28,1,1
1408292279 2626.05 132 4.012 167.2 398751303 -1035183900 153 82 29.0 39x28,1,1
1408292280 2630.23 132 4.18 167.4 398751368 -1035183355 139 84 29.0 39x28,1,1
1408292281 2634.53 132 4.301 167.6 398751468 -1035182821 142 87 29.0 39x28,1,1
1408292282 2639.01 132 4.479 167.6 398751617 -1035182250 139 91 29.0 39x25,1,2
1408292283 2643.61 132 4.6 167.6 398751768 -1035181697 133 86 29.0 39x25,1,2
1408292284 2648.33 132 4.721 167.6 398751929 -1035181163 132 85 29.0 39x25,1,2
1408292285 2653.18 132 4.852 167.8 398752121 -1035180597 140 88 29.0 39x25,1,2
1408292286 2658.17 132 4.983 168.0 398752334 -1035180040 143 91 29.0 39x25,1,2
1408292287 2663.2 132 5.029 168.0 398752578 -1035179479 138 92 29.0 39x25,1,2
1408292288 2668.21 132 5.011 168.0 398752838 -1035178931 126 92 29.0 39x25,1,2
1408292289 2673.24 132 5.029 168.2 398753103 -1035178402 129 92 29.0 39x25,1,2
1408292290 2678.29 132 5.057 168.2 398753351 -1035177881 129 92 29.0 39x25,1,2
1408292291 2683.29 132 5.001 168.4 398753604 -1035177327 143 92 29.0 39x25,1,2
1408292292 2688.07 132 4.777 168.6 398753872 -1035176786 164 90 29.0 39x25,1,2
1408292293 2692.8 132 4.731 168.8 398754091 -1035176236 177 88 29.0 39x25,1,2
1408292294 2697.43 132 4.628 168.8 398754314 -1035175717 192 86 30.0 39x25,1,2
1408292295 2701.91 132 4.479 169.0 398754477 -1035175224 191 83 30.0 39x25,1,2
1408292296 2705.95 132 4.04 169.4 398754539 -1035174816 192 75 30.0 39x25,1,2
1408292297 2710.04 131 4.087 169.6 398754693 -1035174283 233 76 30.0 39x25,1,2
1408292298 2713.9 131 3.863 170.0 398754799 -1035173810 235 73 30.0 39x25,1,2
1408292299 2717.68 130 3.779 170.2 398754886 -1035173318 235 70 30.0 39x25,1,2
1408292300 2721.26 129 3.583 170.6 398754986 -1035172892 244 67 30.0 39x25,1,2
1408292301 2724.81 129 3.555 171.0 398755036 -1035172468 231 65 30.0 39x25,1,2
1408292302 2728.41 129 3.592 171.2 398755099 -1035172060 230 66 30.0 39x25,1,2
1408292303 2732.02 130 3.611 171.4 398755180 -1035171601 220 66 30.0 39x25,1,2
1408292304 2735.61 130 3.592 171.6 398755286 -1035171163 222 66 30.0 39x25,1,2
1408292305 2739.2 130 3.592 171.8 398755384 -1035170708 225 66 30.0 39x25,1,2
1408292306 2742.73 131 3.527 172.0 398755471 -1035170216 225 66 30.0 39x25,1,2
1408292307 2746.25 131 3.518 172.2 398755507 -1035169787 221 65 30.0 39x25,1,2
1408292308 2749.8 131 3.555 172.6 398755569 -1035169344 225 65 30.0 39x25,1,2
1408292309 2753.27 131 3.471 172.8 398755622 -1035168848 214 65 30.0 39x25,1,2
1408292310 2756.8 131 3.527 173.0 398755687 -1035168446 223 64 30.0 39x25,1,2
1408292311 2760.21 131 3.406 173.2 398755712 -1035167999 224 64 30.0 39x25,1,2
1408292312 2763.69 131 3.48 173.4 398755739 -1035167544 226 63 30.0 39x25,1,2
1408292313 2767.04 132 3.35 173.6 398755828 -1035167170 227 63 30.0 39x25,1,2
1408292314 2770.55 132 3.518 174.0 398755894 -1035166774 223 63 30.0 39x25,1,2
1408292315 2773.96 133 3.406 174.0 398755954 -1035166318 217 63 30.0 39x25,1,2
1408292316 2777.42 133 3.462 174.4 398755994 -1035165852 224 63 30.0 39x25,1,2
1408292317 2780.73 134 3.312 174.6 398756033 -1035165417 225 62 30.0 39x25,1,2
1408292318 2783.99 134 3.256 175.0 398756089 -1035164987 234 60 30.0 39x25,1,2
1408292319 2787.27 134 3.284 175.2 398756150 -1035164598 239 60 30.0 39x25,1,2
1408292320 2790.53 134 3.256 175.2 398756208 -1035164201 227 60 30.0 39x25,1,2
1408292321 2793.84 134 3.312 175.6 398756225 -1035163804 229 60 30.0 39x25,1,2
1408292322 2797.06 135 3.219 175.8 398756238 -1035163420 217 60 30.0 39x25,1,2
1408292323 2800.4 135 3.34 176.0 398756284 -1035163030 214 60 30.0 39x25,1,2
1408292324 2803.61 136 3.21 176.2 398756327 -1035162636 204 60 30.0 39x25,1,2
1408292325 2806.85 136 3.238 176.4 398756351 -1035162237 210 59 30.0 39x25,1,2
1408292326 2810.01 136 3.163 176.8 398756358 -1035161826 215 58 30.0 39x25,1,2
1408292327 2813.15 137 3.135 177.0 398756380 -1035161405 222 59 30.0 39x25,1,2
1408292328 2816.36 137 3.21 177.2 398756395 -1035161006 225 59 30.0 39x25,1,2
1408292329 2819.49 137 3.135 177.4 398756441 -1035160587 217 59 30.0 39x25,1,2
1408292330 2822.73 138 3.238 177.8 398756482 -1035160208 221 58 30.0 39x25,1,2
1408292331 2825.88 138 3.154 178.0 398756523 -1035159886 205 58 30.0 39x25,1,2
1408292332 2829.13 139 3.247 178.2 398756541 -1035159479 205 58 30.0 39x25,1,2
1408292333 2832.32 139 3.191 178.2 398756550 -1035159117 207 59 30.0 39x25,1,2
1408292334 2835.55 139 3.228 178.4 398756584 -1035158664 218 58 30.0 39x25,1,2
1408292335 2838.8 139 3.247 178.8 398756639 -1035158232 222 59 30.0 39x25,1,2
1408292336 2842.01 140 3.21 179.0 398756690 -1035157806 218 59 30.0 39x25,1,2
1408292337 2845.22 140 3.21 179.2 398756761 -1035157376 216 59 30.0 39x25,1,2
1408292338 2848.33 140 3.107 179.6 398756885 -1035156983 223 58 30.0 39x25,1,2
1408292339 2851.54 140 3.219 179.8 398756979 -1035156521 231 58 30.0 39x25,1,2
1408292340 2854.69 140 3.144 180.0 398757023 -1035156102 230 58 30.0 39x25,1,2
1408292341 2857.94 140 3.256 180.2 398757083 -1035155667 234 58 30.0 39x25,1,2
1408292342 2861.2 140 3.256 180.6 398757161 -1035155265 241 59 30.0 39x25,1,2
1408292343 2864.46 140 3.256 180.8 398757262 -1035154905 239 60 30.0 39x25,1,2
1408292344 2867.81 140 3.35 180.8 398757353 -1035154518 231 61 30.0 39x25,1,2
1408292345 2871.07 140 3.266 181.0 398757509 -1035154090 222 62 30.0 39x25,1,2
1408292346 2874.46 140 3.387 181.2 398757669 -1035153676 221 61 30.0 39x25,1,2
1408292347 2877.78 140 3.322 181.4 398757798 -1035153303 226 61 30.0 39x25,1,2
1408292348 2881.23 140 3.452 182.0 398757962 -1035152910 218 62 30.0 39x25,1,2
1408292349 2884.64 140 3.406 182.0 398758152 -1035152487 217 62 30.0 39x25,1,2
1408292350 2888.09 141 3.452 182.2 398758318 -1035152114 234 64 30.0 39x25,1,2
1408292351 2891.64 141 3.546 182.4 398758514 -1035151658 235 67 30.0 39x25,1,2
1408292352 2895.14 141 3.499 182.8 398758707 -1035151225 208 64 30.0 39x25,1,2
1408292353 2898.67 141 3.536 183.2 398758902 -1035150826 195 65 30.0 39x25,1,2
1408292354 2902.24 142 3.564 183.4 398759084 -1035150371 184 66 30.0 39x25,1,2
1408292355 2905.86 142 3.62 183.4 398759240 -1035149985 176 66 30.0 39x25,1,2
1408292356 2909.53 142 3.676 183.6 398759394 -1035149581 166 67 30.0 39x25,1,2
1408292357 2913.34 141 3.807 183.8 398759567 -1035149125 162 70 30.0 39x25,1,2
1408292358 2917.21 142 3.872 184.0 398759722 -1035148709 158 72 30.0 39x25,1,2
1408292359 2921.2 142 3.984 184.0 398759914 -1035148250 154 73 30.0 39x25,1,2
1408292360 2925.32 141 4.124 184.2 398760141 -1035147847 158 75 30.0 39x25,1,2
1408292361 2929.6 141 4.273 184.6 398760369 -1035147389 158 78 30.0 39x25,1,2
1408292362 2934.01 142 4.413 184.6 398760623 -1035147007 141 81 30.0 39x25,1,2
1408292363 2938.51 142 4.497 184.8 398760875 -1035146495 145 82 30.0 39x25,1,2
1408292364 2943.08 142 4.572 184.8 398761153 -1035146026 145 84 30.0 39x25,1,2
1408292365 2947.77 141 4.693 184.8 398761447 -1035145542 153 85 30.0 39x25,1,2
1408292366 2952.57 142 4.796 185.0 398761775 -1035145064 139 88 30.0 39x25,1,2
1408292367 2957.47 142 4.899 185.4 398762109 -1035144604 142 90 30.0 39x23,1,3
1408292368 2962.39 142 4.927 185.4 398762474 -1035144140 131 87 30.0 39x23,1,3
1408292369 2967.4 142 5.011 185.4 398762899 -1035143650 160 84 30.0 39x23,1,3
1408292370 2972.46 141 5.057 185.4 398763336 -1035143202 158 86 30.0 39x23,1,3
1408292371 2977.59 142 5.132 185.4 398763794 -1035142824 166 86 30.0 39x23,1,3
1408292372 2982.69 141 5.095 185.4 398764238 -1035142399 154 86 30.0 39x23,1,3
1408292373 2987.8 141 5.113 185.6 398764650 -1035142046 157 86 30.0 39x23,1,3
1408292374 2992.87 141 5.067 185.6 398765087 -1035141719 159 86 30.0 39x23,1,3
1408292375 2997.9 141 5.029 185.6 398765584 -1035141383 161 85 30.0 39x23,1,3
1408292376 3002.85 140 4.955 185.6 398766077 -1035141052 174 84 30.0 39x23,1,3
1408292377 3007.73 140 4.88 185.8 398766529 -1035140737 186 83 30.0 39x23,1,3
1408292378 3012.64 140 4.908 186.0 398766991 -1035140398 191 82 30.0 39x23,1,3
1408292379 3017.42 139 4.777 186.0 398767423 -1035140097 188 81 30.0 39x23,1,3
1408292380 3022.19 139 4.777 186.2 398767830 -1035139802 185 80 30.0 39x23,1,3
1408292381 3026.98 138 4.787 186.4 398768307 -1035139470 193 81 30.0 39x23,1,3
1408292382 3031.77 138 4.787 186.6 398768754 -1035139175 188 81 30.0 39x23,1,3
1408292383 3036.53 137 4.768 186.8 398769243 -1035138899 197 81 30.0 39x23,1,3
1408292384 3041.33 137 4.796 186.8 398769711 -1035138599 181 81 30.0 39x23,1,3
1408292385 3046.06 136 4.731 187.2 398770167 -1035138318 186 80 30.0 39x23,1,3
1408292386 3050.73 136 4.665 187.4 398770622 -1035138085 186 79 30.0 39x23,1,3
1408292387 3055.33 135 4.6 187.8 398771072 -1035137818 192 78 30.0 39x23,1,3
1408292388 3060.06 135 4.731 187.8 398771509 -1035137572 181 80 30.0 39x23,1,3
1408292389 3064.85 135 4.796 188.0 398771948 -1035137310 184 81 30.0 39x23,1,3
1408292390 3069.65 135 4.796 188.2 398772448 -1035137016 186 81 30.0 39x23,1,3
1408292391 3074.43 135 4.787 188.2 398772904 -1035136735 186 81 30.0 39x23,1,3
1408292392 3079.21 135 4.777 188.4 398773340 -1035136472 196 81 30.0 39x23,1,3
1408292393 3083.99 135 4.777 188.4 398773799 -1035136182 195 80 30.0 39x23,1,3
1408292394 3088.68 135 4.693 188.6 398774227 -1035135850 182 80 30.0 39x23,1,3
1408292395 3093.42 135 4.74 188.8 398774600 -1035135542 181 80 30.0 39x23,1,3
1408292396 3098.24 134 4.815 189.0 398774996 -1035135128 175 81 30.0 39x23,1,3
1408292397 3103.04 134 4.805 189.2 398775395 -1035134753 178 81 30.0 39x23,1,3
1408292398 3107.88 134 4.833 189.6 398775806 -1035134402 178 81 30.0 39x23,1,3
1408292399 3112.61 134 4.731 190.0 398776210 -1035134019 178 80 30.0 39x23,1,3
1408292400 3117.35 135 4.74 190.4 398776550 -1035133650 183 80 30.0 39x23,1,3
1408292401 3122.09 135 4.74 190.6 398776940 -1035133268 183 80 30.0 39x23,1,3
1408292402 3126.79 135 4.703 190.6 398777343 -1035132840 180 80 30.0 39x23,1,3
1408292403 3131.51 135 4.721 190.6 398777702 -1035132416 179 80 30.0 39x23,1,3
1408292404 3136.24 134 4.731 190.6 398778078 -1035131977 187 80 30.0 39x23,1,3
1408292405 3140.94 134 4.693 190.6 398778455 -1035131496 186 80 30.0 39x23,1,3
1408292406 3145.6 134 4.665 190.8 398778793 -1035131025 199 79 30.0 39x23,1,3
1408292407 3150.23 134 4.628 191.0 398779089 -1035130559 202 79 30.0 39x23,1,3
1408292408 3154.8 134 4.572 191.2 398779392 -1035130091 207 77 30.0 39x23,1,3
1408292409 3159.3 135 4.497 191.4 398779660 -1035129629 207 76 30.0 39x23,1,3
1408292410 3163.77 134 4.469 191.6 398779889 -1035129179 206 76 30.0 39x23,1,3
1408292411 3168.21 135 4.441 191.8 398780157 -1035128695 207 75 30.0 39x23,1,3
1408292412 3172.61 135 4.404 192.4 398780391 -1035128214 203 75 30.0 39x23,1,3
1408292413 3177.03 135 4.413 192.8 398780612 -1035127713 207 75 30.0 39x23,1,3
1408292414 3181.45 135 4.423 192.8 398780822 -1035127211 206 75 30.0 39x23,1,3
1408292415 3185.88 135 4.432 193.0 398781052 -1035126730 211 75 30.0 39x23,1,3
1408292416 3190.21 135 4.329 193.2 398781245 -1035126284 200 74 30.0 39x23,1,3
1408292417 3194.5 135 4.292 193.4 398781472 -1035125783 210 73 30.0 39x23,1,3
1408292418 3198.76 135 4.255 193.6 398781688 -1035125315 212 72 30.0 39x23,1,3
1408292419 3202.98 135 4.227 193.8 398781905 -1035124830 215 71 30.0 39x23,1,3
1408292420 3207.18 135 4.199 194.0 398782118 -1035124338 216 72 30.0 39x23,1,3
1408292421 3211.43 135 4.245 194.2 398782294 -1035123891 222 71 30.0 39x23,1,3
1408292422 3215.66 135 4.236 194.6 398782474 -1035123453 219 72 30.0 39x23,1,3
1408292423 3219.89 136 4.227 194.8 398782711 -1035122948 220 72 30.0 39x23,1,3
1408292424 3224.1 136 4.208 195.2 398782898 -1035122489 212 71 30.0 39x23,1,3
1408292425 3228.28 136 4.18 195.4 398783083 -1035122010 211 71 30.0 39x23,1,3
1408292426 3232.48 135 4.199 195.6 398783317 -1035121517 202 71 30.0 39x23,1,3
1408292427 3236.71 135 4.227 195.6 398783511 -1035121049 198 71 30.0 39x23,1,3
1408292428 3241.01 135 4.301 195.8 398783701 -1035120578 203 72 30.0 39x23,1,3
1408292429 3245.37 135 4.367 196.0 398783918 -1035120081 189 73 30.0 39x23,1,3
1408292430 3249.77 135 4.395 196.2 398784143 -1035119562 191 74 30.0 39x23,1,3
1408292431 3254.18 135 4.413 196.4 398784355 -1035119054 184 74 30.0 39x23,1,3
1408292432 3258.66 135 4.479 196.6 398784571 -1035118546 188 75 30.0 39x23,1,3
1408292433 3263.1 135 4.441 196.6 398784772 -1035118045 182 75 30.0 39x23,1,3
1408292434 3267.58 135 4.479 196.8 398785000 -1035117532 180 75 30.0 39x23,1,3
1408292435 3272.08 135 4.497 197.0 398785203 -1035117009 177 76 30.0 39x23,1,3
1408292436 3276.61 135 4.535 197.2 398785493 -1035116467 176 76 30.0 39x23,1,3
1408292437 3281.25 135 4.637 197.2 398785747 -1035115999 169 77 30.0 39x23,1,3
1408292438 3285.96 135 4.712 197.4 398786005 -1035115512 166 79 30.0 39x23,1,3
1408292439 3290.76 135 4.796 197.6 398786291 -1035115007 164 81 30.0 39x23,1,3
1408292440 3295.68 135 4.927 197.6 398786570 -1035114529 156 83 30.0 39x23,1,3
1408292441 3300.7 135 5.02 197.6 398786933 -1035114006 153 84 30.0 39x23,1,3
1408292442 3305.79 135 5.085 197.6 398787295 -1035113514 141 86 30.0 39x23,1,3
1408292443 3310.98 134 5.188 197.8 398787664 -1035113024 145 87 30.0 39x23,1,3
1408292444 3316.25 134 5.272 197.6 398788073 -1035112520 140 88 30.0 39x23,1,3
1408292445 3321.56 134 5.309 197.6 398788489 -1035112066 153 89 30.0 39x21,1,4
1408292446 3326.86 134 5.3 197.8 398788928 -1035111643 151 84 30.0 39x21,1,4
1408292447 3332.16 134 5.3 197.8 398789407 -1035111182 166 82 30.0 39x21,1,4
1408292448 3337.48 134 5.318 198.0 398789855 -1035110778 171 82 30.0 39x21,1,4
1408292449 3342.85 134 5.374 198.2 398790283 -1035110409 164 83 30.0 39x21,1,4
1408292450 3348.31 133 5.458 198.4 398790784 -1035110018 157 84 30.0 39x21,1,4
1408292451 3353.82 133 5.514 198.4 398791296 -1035109649 164 85 30.0 39x21,1,4
1408292452 3359.52 133 5.701 198.4 398791808 -1035109276 154 87 30.0 39x21,1,4
1408292453 3365.36 133 5.832 198.4 398792422 -1035108920 146 89 30.0 39x21,1,4
1408292454 3371.24 133 5.878 198.8 398792983 -1035108592 134 90 30.0 39x21,1,4
1408292455 3377.16 132 5.925 198.6 398793606 -1035108258 134 91 30.0 53x21,2,4
1408292456 3383.13 132 5.972 198.6 398794226 -1035107915 120 86 30.0 53x21,2,4
1408292457 3389.19 132 6.056 198.6 398794831 -1035107603 130 68 30.0 53x21,2,4
1408292458 3395.4 131 6.214 198.6 398795414 -1035107309 149 70 30.0 53x21,2,4
1408292459 3401.73 131 6.326 198.6 398796038 -1035107036 144 71 30.0 53x21,2,4
1408292460 3408.27 130 6.541 198.6 398796661 -1035106783 133 73 30.0 53x21,2,4
1408292461 3415.01 130 6.746 198.4 398797325 -1035106507 123 76 30.0 53x21,2,4
1408292462 3421.8 129 6.783 198.4 398798014 -1035106355 122 77 30.0 53x21,2,4
1408292463 3428.97 129 7.175 198.4 398798724 -1035106121 110 80 30.0 53x21,2,4
1408292464 3436.55 128 7.577 198.4 398799466 -1035105895 109 84 30.0 53x21,2,4
1408292465 3444.43 128 7.884 198.2 398800289 -1035105710 108 87 30.0 53x19,2,5
1408292466 3452.79 127 8.351 198.0 398801150 -1035105609 121 85 30.0 53x17,2,6
1408292467 3461.61 127 8.827 198.0 398802063 -1035105480 128 82 30.0 53x15,2,7
1408292468 3471.02 126 9.405 197.8 398803048 -1035105404 139 80 30.0 53x14,2,8
1408292469 3480.91 126 9.891 196.8 398804085 -1035105421 127 76 30.0 53x14,2,8
1408292470 3491.42 126 10.516 196.0 398805144 -1035105441 151 77 30.0 53x14,2,8
1408292471 3502.54 126 11.113 195.2 398806357 -1035105420 145 82 30.0 53x14,2,8
1408292472 3513.92 126 11.383 194.4 398807550 -1035105400 139 86 30.0 53x14,2,8
1408292473 3525.58 125 11.663 194.0 398808780 -1035105357 133 87 30.0 53x14,2,8
1408292474 3537.3 125 11.719 193.8 398810019 -1035105219 129 88 30.0 53x14,2,8
1408292475 3549.29 124 11.99 193.4 398811259 -1035104949 137 89 30.0 53x14,2,8
1408292476 3561.41 124 12.121 193.0 398812460 -1035104597 149 91 30.0 53x14,2,8
1408292477 3573.6 124 12.186 192.4 398813812 -1035104140 148 92 30.0 53x14,2,8
1408292478 3585.51 125 11.915 191.8 398815077 -1035103602 159 91 30.0 53x14,2,8
1408292479 3596.93 125 11.411 191.4 398816221 -1035102909 168 89 30.0 53x14,2,8
1408292480 3608.13 124 11.206 191.4 398817320 -1035102093 184 85 30.0 53x14,2,8
1408292481 3618.81 125 10.674 191.8 398818263 -1035101283 194 82 30.0 53x14,2,8
1408292482 3628.87 125 10.068 192.2 398819155 -1035100489 204 80 30.0 53x14,2,8
1408292483 3638.54 124 9.667 192.6 398819982 -1035099657 199 75 30.0 53x14,2,8
1408292484 3647.7 125 9.163 193.4 398820722 -1035098829 134 72 30.0 39x14,1,8
1408292485 3656.29 125 8.584 193.6 398821435 -1035098062 103 92 30.0 39x14,1,8
1408292486 3664.32 125 8.034 194.2 398822062 -1035097339 212 85 30.0 39x14,1,8
1408292487 3671.82 125 7.502 195.2 398822637 -1035096730 214 85 30.0 39x15,1,7
1408292488 3678.88 126 7.054 195.8 398823201 -1035096162 214 80 30.0 39x17,1,6
1408292489 3685.52 126 6.643 196.2 398823707 -1035095519 223 82 30.0 39x17,1,6
1408292490 3691.85 127 6.326 196.4 398824252 -1035094952 210 81 30.0 39x19,1,5
1408292491 3697.94 127 6.093 196.8 398824727 -1035094438 196 83 30.0 39x19,1,5
1408292492 3703.83 127 5.888 197.4 398825173 -1035093937 221 84 30.0 39x19,1,5
1408292493 3709.35 127 5.524 197.6 398825596 -1035093434 221 82 30.0 39x19,1,5
1408292494 3714.95 127 5.598 197.8 398825955 -1035092969 243 77 30.0 39x19,1,5
1408292495 3720.36 127 5.412 198.0 398826419 -1035092530 286 77 30.0 39x19,1,5
1408292496 3725.71 127 5.346 198.4 398826902 -1035092067 269 76 30.0 39x19,1,5
1408292497 3730.99 127 5.281 198.8 398827288 -1035091620 259 74 30.0 39x19,1,5
1408292498 3736.09 127 5.104 199.0 398827689 -1035091172 274 72 30.0 39x19,1,5
1408292499 3741.08 128 4.983 199.4 398828107 -1035090749 268 69 30.0 39x19,1,5
1408292500 3745.98 128 4.908 199.8 398828511 -1035090332 270 68 30.0 39x19,1,5
1408292501 3750.86 128 4.88 200.2 398828939 -1035089905 260 69 30.0 39x19,1,5
1408292502 3755.74 129 4.88 200.4 398829331 -1035089471 259 68 30.0 39x19,1,5
1408292503 3760.62 129 4.88 200.8 398829734 -1035089038 252 68 30.0 39x19,1,5
1408292504 3765.48 130 4.852 201.2 398830123 -1035088599 252 68 30.0 39x19,1,5
1408292505 3770.31 130 4.833 201.2 398830520 -1035088178 239 67 30.0 39x19,1,5
1408292506 3775.09 130 4.777 201.6 398830899 -1035087789 239 67 30.0 39x19,1,5
1408292507 3779.99 131 4.899 201.8 398831315 -1035087331 219 68 30.0 39x19,1,5
1408292508 3785.05 131 5.067 202.0 398831731 -1035086897 211 70 30.0 39x19,1,5
1408292509 3790.52 132 5.468 202.0 398832110 -1035086403 211 72 30.0 39x19,1,5
1408292510 3795.9 132 5.384 202.0 398832553 -1035085886 204 75 30.0 39x19,1,5
1408292511 3801.37 133 5.468 202.0 398832996 -1035085431 163 76 30.0 39x19,1,5
1408292512 3807.18 133 5.813 202.0 398833426 -1035084951 160 77 30.0 39x19,1,5
1408292513 3813.03 133 5.841 202.0 398833927 -1035084463 148 80 30.0 39x19,1,5
1408292514 3819.03 134 6.009 202.2 398834383 -1035083942 110 83 30.0 39x19,1,5
1408292515 3825.15 134 6.121 202.2 398834818 -1035083446 98 85 30.0 39x19,1,5
1408292516 3831.32 134 6.168 202.0 398835335 -1035082937 92 86 30.0 39x19,1,5
1408292517 3837.49 134 6.168 202.0 398835877 -1035082478 92 86 30.0 39x19,1,5
1408292518 3843.7 135 6.214 202.0 398836374 -1035081991 81 87 30.0 39x19,1,5
1408292519 3850.3 135 6.597 202.0 398836909 -1035081411 80 90 30.0 39x19,1,5
1408292520 3857.24 135 6.942 201.8 398837438 -1035080800 93 93 30.0 39x17,1,6
1408292521 3864.61 136 7.371 201.6 398837968 -1035080163 96 90 29.0 39x17,1,6
1408292522 3872.19 136 7.577 201.4 398838581 -1035079483 103 93 29.0 39x17,1,6
1408292523 3879.85 136 7.66 201.2 398839181 -1035078793 110 95 29.0 39x17,1,6
1408292524 3887.33 137 7.474 201.0 398839775 -1035078129 147 95 29.0 39x17,1,6
1408292525 3894.58 137 7.25 201.2 398840404 -1035077470 143 92 29.0 39x17,1,6
1408292526 3901.52 138 6.942 201.2 398840983 -1035076835 168 88 29.0 39x17,1,6
1408292527 3908.1 138 6.578 201.8 398841502 -1035076252 185 83 29.0 39x17,1,6
1408292528 3914.07 138 5.972 202.0 398842007 -1035075789 197 78 29.0 39x19,1,5
1408292529 3919.64 137 5.57 202.2 398842456 -1035075349 198 81 29.0 39x21,1,4
1408292530 3924.94 137 5.3 202.4 398842876 -1035074921 193 80 29.0 39x21,1,4
1408292531 3929.95 137 5.011 202.6 398843239 -1035074470 212 80 29.0 39x23,1,3
1408292532 3934.55 136 4.6 203.0 398843578 -1035074037 214 80 29.0 39x23,1,3
1408292533 3939.01 136 4.46 203.6 398843919 -1035073636 240 76 29.0 39x23,1,3
1408292534 3943.37 135 4.357 204.0 398844245 -1035073269 236 75 29.0 39x23,1,3
1408292535 3947.69 135 4.329 204.2 398844573 -1035072910 245 73 29.0 39x23,1,3
1408292536 3951.95 134 4.255 204.6 398844898 -1035072573 262 73 29.0 39x23,1,3
1408292537 3956.12 134 4.171 205.0 398845200 -1035072235 239 71 29.0 39x23,1,3
1408292538 3960.26 134 4.143 205.2 398845514 -1035071916 226 70 29.0 39x23,1,3
1408292539 3964.32 134 4.059 205.4 398845866 -1035071527 229 69 29.0 39x23,1,3
1408292540 3968.32 133 4.003 205.8 398846214 -1035071179 221 68 29.0 39x23,1,3
1408292541 3972.4 133 4.078 206.0 398846544 -1035070834 211 68 29.0 39x23,1,3
1408292542 3976.51 133 4.106 206.2 398846853 -1035070477 198 69 29.0 39x23,1,3
1408292543 3980.71 134 4.199 206.4 398847221 -1035070098 178 71 29.0 39x23,1,3
1408292544 3984.95 134 4.245 206.6 398847531 -1035069713 174 72 29.0 39x23,1,3
1408292545 3989.3 134 4.348 206.6 398847839 -1035069329 177 73 29.0 39x23,1,3
1408292546 3993.7 134 4.404 206.6 398848182 -1035068919 171 74 29.0 39x23,1,3
1408292547 3998.17 135 4.469 206.8 398848534 -1035068520 155 75 29.0 39x23,1,3
1408292548 4002.74 135 4.563 207.2 398848905 -1035068165 149 77 29.0 39x23,1,3
1408292549 4007.46 135 4.721 207.2 398849294 -1035067747 157 79 29.0 39x23,1,3
1408292550 4012.24 135 4.777 207.2 398849646 -1035067346 149 81 29.0 39x23,1,3
1408292551 4017.04 135 4.805 207.4 398850054 -1035066936 150 81 29.0 39x23,1,3
1408292552 4021.84 135 4.796 207.4 398850482 -1035066531 160 81 29.0 39x23,1,3
1408292553 4026.67 135 4.833 207.4 398850840 -1035066103 175 81 29.0 39x23,1,3
1408292554 4031.46 135 4.787 207.4 398851212 -1035065695 192 81 29.0 39x23,1,3
1408292555 4036.18 135 4.721 207.6 398851611 -1035065277 195 80 29.0 39x23,1,3
1408292556 4040.82 135 4.647 207.8 398851977 -1035064861 196 79 29.0 39x23,1,3
1408292557 4045.42 135 4.591 208.2 398852339 -1035064475 195 78 29.0 39x23,1,3
1408292558 4049.88 136 4.469 208.4 398852705 -1035064085 208 77 29.0 39x23,1,3
1408292559 4054.33 136 4.441 208.6 398853061 -1035063718 213 75 29.0 39x23,1,3
1408292560 4058.77 135 4.441 208.6 398853410 -1035063382 193 75 29.0 39x23,1,3
1408292561 4063.34 136 4.572 208.8 398853815 -1035062988 202 77 29.0 39x23,1,3
1408292562 4067.98 135 4.637 209.0 398854206 -1035062595 182 78 29.0 39x23,1,3
1408292563 4072.67 135 4.693 209.4 398854600 -1035062187 175 80 29.0 39x23,1,3
1408292564 4077.43 135 4.759 209.4 398854996 -1035061800 176 80 29.0 39x23,1,3
1408292565 4082.22 135 4.787 209.4 398855373 -1035061381 171 81 29.0 39x23,1,3
1408292566 4087.09 135 4.871 209.6 398855785 -1035060978 170 82 29.0 39x23,1,3
1408292567 4092.0 134 4.917 209.8 398856204 -1035060557 165 83 29.0 39x23,1,3
1408292568 4096.97 135 4.964 210.0 398856605 -1035060157 170 84 29.0 39x23,1,3
1408292569 4102.06 134 5.095 210.0 398857041 -1035059755 165 85 29.0 39x23,1,3
1408292570 4107.24 135 5.179 210.0 398857481 -1035059352 141 88 29.0 39x23,1,3
1408292571 4112.62 135 5.374 210.2 398857942 -1035058969 138 91 29.0 39x23,1,3
1408292572 4118.24 135 5.626 210.2 398858415 -1035058597 145 92 29.0 39x21,1,4
1408292573 4124.05 135 5.813 210.4 398858942 -1035058186 168 89 29.0 39x21,1,4
1408292574 4129.91 135 5.86 210.4 398859436 -1035057797 159 90 29.0 39x21,1,4
1408292575 4135.79 135 5.878 210.2 398859964 -1035057409 182 90 29.0 39x21,1,4
1408292576 4141.61 135 5.813 210.2 398860585 -1035056982 186 90 29.0 39x21,1,4
1408292577 4147.28 135 5.673 210.4 398861125 -1035056676 194 88 29.0 39x21,1,4
1408292578 4152.86 135 5.58 210.4 398861659 -1035056398 197 86 29.0 39x21,1,4
1408292579 4158.37 134 5.514 210.8 398862244 -1035056170 203 85 29.0 39x21,1,4
1408292580 4163.76 134 5.384 211.0 398862764 -1035055931 207 84 29.0 39x21,1,4
1408292581 4169.1 134 5.346 211.2 398863350 -1035055725 207 82 29.0 39x21,1,4
1408292582 4174.28 134 5.179 211.4 398863877 -1035055592 212 80 29.0 39x21,1,4
1408292583 4179.39 133 5.104 211.6 398864404 -1035055476 216 79 29.0 39x21,1,4
1408292584 4184.34 133 4.955 211.8 398864884 -1035055360 218 77 29.0 39x21,1,4
1408292585 4189.21 133 4.871 212.0 398865443 -1035055294 222 75 29.0 39x21,1,4
1408292586 4194.01 132 4.796 212.4 398865933 -1035055265 212 74 29.0 39x21,1,4
1408292587 4198.78 132 4.768 212.8 398866401 -1035055257 209 74 29.0 39x21,1,4
1408292588 4203.53 131 4.749 213.0 398866906 -1035055257 199 74 29.0 39x21,1,4
1408292589 4208.36 131 4.833 213.2 398867376 -1035055271 186 75 29.0 39x21,1,4
1408292590 4213.42 131 5.067 213.4 398867841 -1035055304 170 77 29.0 39x21,1,4
1408292591 4218.66 131 5.235 213.6 398868385 -1035055281 155 79 29.0 39x21,1,4
1408292592 4224.15 131 5.496 213.6 398868866 -1035055336 141 83 29.0 39x21,1,4
1408292593 4229.97 131 5.813 213.6 398869507 -1035055306 129 88 29.0 39x21,1,4
1408292594 4235.92 132 5.953 213.4 398870180 -1035055208 130 91 29.0 39x21,1,4
1408292595 4242.14 132 6.214 213.4 398870799 -1035055209 121 95 29.0 53x21,2,4
1408292596 4248.46 132 6.326 213.4 398871436 -1035055199 99 81 29.0 53x21,2,4
1408292597 4255.04 132 6.578 213.4 398872199 -1035055150 133 75 29.0 53x21,2,4
1408292598 4261.85 132 6.811 213.2 398872912 -1035055127 135 76 29.0 53x21,2,4
1408292599 4268.87 132 7.017 213.2 398873683 -1035054967 128 78 29.0 53x21,2,4
1408292600 4276.44 131 7.577 213.2 398874492 -1035054832 119 83 29.0 53x19,2,5
1408292601 4284.6 131 8.155 212.8 398875336 -1035054541 121 85 29.0 53x17,2,6
1408292602 4293.32 131 8.724 212.2 398876158 -1035054189 128 82 29.0 53x17,2,6
1408292603 4302.9 130 9.573 211.8 398877063 -1035053624 133 85 29.0 53x17,2,6
1408292604 4313.26 130 10.366 211.0 398877971 -1035053041 129 92 29.0 53x17,2,6
1408292605 4324.04 129 10.777 210.2 398878954 -1035052251 136 97 29.0 53x17,2,6
1408292606 4334.93 129 10.889 209.4 398879935 -1035051365 149 100 29.0 53x17,2,6
1408292607 4345.3 129 10.366 208.8 398880809 -1035050534 160 98 29.0 53x17,2,6
1408292608 4355.19 128 9.891 208.4 398881571 -1035049590 161 92 29.0 53x17,2,6
1408292609 4364.01 128 8.827 208.6 398882311 -1035048670 170 85 29.0 53x17,2,6
1408292610 4372.17 128 8.155 209.0 398882989 -1035047889 176 77 29.0 53x17,2,6
1408292611 4380.0 128 7.828 210.0 398883647 -1035047190 107 75 29.0 39x17,1,6
1408292612 4387.6 128 7.605 210.8 398884245 -1035046477 132 95 29.0 39x17,1,6
1408292613 4395.0 127 7.399 211.2 398884812 -1035045831 159 93 29.0 39x17,1,6
1408292614 4402.19 126 7.194 211.4 398885384 -1035045187 185 91 29.0 39x17,1,6
1408292615 4409.15 126 6.961 211.6 398885931 -1035044506 200 88 29.0 39x19,1,5
1408292616 4415.68 126 6.522 212.0 398886422 -1035043896 183 86 29.0 39x19,1,5
1408292617 4421.63 126 5.953 212.4 398886857 -1035043292 192 85 29.0 39x21,1,4
1408292618 4426.86 126 5.235 213.2 398887311 -1035042798 194 85 29.0 39x23,1,3
1408292619 4431.42 126 4.553 213.6 398887681 -1035042394 218 81 29.0 39x23,1,3
1408292620 4435.81 126 4.395 214.0 398888026 -1035042043 291 75 29.0 39x23,1,3
1408292621 4439.95 126 4.143 214.4 398888363 -1035041631 309 71 29.0 39x23,1,3
1408292622 4443.86 126 3.91 215.0 398888691 -1035041303 303 68 29.0 39x23,1,3
1408292623 4447.69 126 3.826 215.4 398888979 -1035040934 303 66 29.0 39x23,1,3
1408292624 4451.59 126 3.9 215.6 398889275 -1035040568 303 65 29.0 39x23,1,3
1408292625 4455.39 127 3.798 216.0 398889527 -1035040205 292 65 29.0 39x23,1,3
1408292626 4459.22 127 3.826 216.4 398889800 -1035039842 280 65 29.0 39x23,1,3
1408292627 4463.07 128 3.854 216.6 398890120 -1035039471 264 65 29.0 39x23,1,3
1408292628 4466.98 129 3.91 217.0 398890400 -1035039118 260 66 29.0 39x23,1,3
1408292629 4470.91 130 3.938 217.2 398890725 -1035038756 249 66 29.0 39x23,1,3
1408292630 4474.96 130 4.05 217.4 398891052 -1035038395 249 67 29.0 39x23,1,3
1408292631 4479.05 131 4.087 217.6 398891335 -1035038069 235 69 29.0 39x23,1,3
1408292632 4483.6 132 4.553 217.8 398891637 -1035037679 235 72 29.0 39x23,1,3
1408292633 4487.92 133 4.32 218.2 398891977 -1035037238 202 74 29.0 39x23,1,3
1408292634 4492.42 134 4.497 218.4 398892311 -1035036866 176 76 29.0 39x23,1,3
1408292635 4497.06 134 4.637 218.6 398892602 -1035036429 148 78 29.0 39x23,1,3
1408292636 4501.99 135 4.936 218.8 398892936 -1035035968 149 82 29.0 39x23,1,3
1408292637 4507.13 135 5.132 218.8 398893318 -1035035544 125 86 29.0 39x23,1,3
1408292638 4512.44 136 5.318 218.8 398893669 -1035035105 101 89 29.0 39x23,1,3
1408292639 4517.9 136 5.458 219.0 398894113 -1035034608 105 94 29.0 39x21,1,4
1408292640 4523.85 137 5.944 218.8 398894511 -1035034098 105 96 28.0 39x19,1,5
1408292641 4530.19 137 6.345 218.6 398894947 -1035033543 113 96 28.0 39x17,1,6
1408292642 4537.12 138 6.923 218.2 398895441 -1035032928 113 89 28.0 39x17,1,6
1408292643 4544.46 138 7.343 217.8 398896088 -1035032393 123 89 28.0 39x17,1,6
1408292644 4552.2 139 7.744 217.6 398896754 -1035031902 110 94 28.0 39x17,1,6
1408292645 4560.24 139 8.034 217.4 398897535 -1035031357 121 94 28.0 39x17,1,6
1408292646 4568.52 139 8.286 217.2 398898281 -1035030866 121 100 28.0 39x17,1,6
1408292647 4576.61 139 8.09 217.0 398899170 -1035030440 140 103 28.0 39x17,1,6
1408292648 4584.47 140 7.856 217.0 398900003 -1035030100 169 101 28.0 39x17,1,6
1408292649 4592.05 140 7.577 217.2 398900833 -1035029841 197 97 28.0 39x17,1,6
1408292650 4598.99 140 6.942 217.6 398901601 -1035029615 224 92 28.0 39x19,1,5
1408292651 4605.24 140 6.252 218.0 398902328 -1035029384 222 87 28.0 39x21,1,4
1408292652 4610.98 141 5.738 218.8 398902959 -1035029208 208 88 28.0 39x21,1,4
1408292653 4616.22 141 5.244 219.2 398903544 -1035029113 278 81 28.0 39x21,1,4
1408292654 4621.03 140 4.805 219.8 398904065 -1035029092 303 74 28.0 39x21,1,4
1408292655 4625.54 140 4.516 220.2 398904498 -1035029098 295 70 28.0 39x21,1,4
1408292656 4629.85 141 4.311 220.6 398904929 -1035029038 294 67 28.0 39x21,1,4
1408292657 4634.13 141 4.273 221.0 398905343 -1035029033 282 66 28.0 39x21,1,4
1408292658 4638.47 141 4.348 221.2 398905753 -1035028978 260 67 28.0 39x21,1,4
1408292659 4643.07 142 4.6 221.6 398906256 -1035028953 234 69 28.0 39x21,1,4
1408292660 4647.8 142 4.721 221.8 398906734 -1035028946 217 72 28.0 39x21,1,4
1408292661 4652.53 143 4.731 222.0 398907220 -1035028949 193 75 28.0 39x21,1,4
1408292662 4657.27 143 4.74 222.2 398907682 -1035028964 170 73 28.0 39x21,1,4
1408292663 4662.15 143 4.88 222.2 398908222 -1035028940 159 74 28.0 39x21,1,4
1408292664 4667.3 143 5.151 222.2 398908803 -1035028925 132 77 28.0 39x21,1,4
1408292665 4672.6 143 5.3 222.0 398909379 -1035028928 102 80 28.0 39x21,1,4
1408292666 4678.18 143 5.58 222.0 398909979 -1035028946 95 84 28.0 39x21,1,4
1408292667 4683.97 143 5.794 222.0 398910598 -1035028946 91 89 28.0 39x21,1,4
1408292668 4690.06 143 6.093 221.6 398911216 -1035028978 95 93 28.0 39x19,1,5
1408292669 4696.46 143 6.401 221.4 398911928 -1035028978 97 92 28.0 39x19,1,5
1408292670 4703.19 142 6.727 221.4 398912589 -1035028976 98 90 28.0 39x17,1,6
1408292671 4710.39 142 7.194 221.2 398913355 -1035028996 99 88 28.0 39x17,1,6
1408292672 4717.89 143 7.502 221.0 398914133 -1035028941 81 86 28.0 53x17,2,6
1408292673 4725.95 142 8.062 220.8 398914967 -1035028901 98 71 28.0 53x17,2,6
1408292674 4734.64 142 8.687 220.6 398915858 -1035028879 100 78 28.0 53x17,2,6
1408292675 4743.97 141 9.331 220.0 398916848 -1035028935 88 83 28.0 53x17,2,6
1408292676 4753.94 141 9.975 219.4 398917858 -1035028983 90 89 28.0 53x17,2,6
1408292677 4764.08 140 10.142 219.0 398918942 -1035028935 91 92 28.0 53x17,2,6
1408292678 4774.21 139 10.124 218.2 398920095 -1035029015 104 93 28.0 53x17,2,6
1408292679 4784.28 139 10.068 217.4 398921148 -1035029000 115 93 28.0 53x17,2,6
1408292680 4794.45 139 10.17 217.0 398922188 -1035029048 113 93 28.0 53x17,2,6
1408292681 4804.57 138 10.124 216.6 398923322 -1035029092 117 93 28.0 53x17,2,6
1408292682 4814.64 138 10.068 216.8 398924381 -1035029122 118 93 28.0 53x17,2,6
1408292683 4824.81 137 10.17 216.8 398925498 -1035029175 116 93 28.0 53x17,2,6
1408292684 4834.98 136 10.17 216.8 398926636 -1035029132 118 94 28.0 53x17,2,6
1408292685 4845.05 135 10.068 216.6 398927713 -1035029073 117 93 28.0 53x17,2,6
1408292686 4855.18 133 10.124 216.4 398928725 -1035029017 123 93 28.0 53x17,2,6
1408292687 4865.29 132 10.124 216.2 398929851 -1035028843 117 93 28.0 53x17,2,6
1408292688 4875.56 132 10.264 216.0 398930889 -1035028481 121 93 28.0 53x17,2,6
1408292689 4885.92 131 10.366 215.8 398931959 -1035028004 119 95 28.0 53x17,2,6
1408292690 4896.34 131 10.413 215.8 398933042 -1035027457 131 95 28.0 53x17,2,6
1408292691 4906.7 131 10.366 215.4 398933966 -1035026720 142 95 28.0 53x17,2,6
1408292692 4917.01 130 10.31 215.4 398934822 -1035025931 165 95 28.0 53x17,2,6
1408292693 4926.59 129 9.573 215.6 398935672 -1035024987 184 93 28.0 53x17,2,6
1408292694 4935.41 128 8.827 216.0 398936344 -1035024155 193 83 28.0 39x17,1,6
1408292695 4942.94 127 7.53 216.6 398936959 -1035023374 130 83 28.0 39x19,1,5
1408292696 4949.38 127 6.438 217.8 398937417 -1035022671 130 87 28.0 39x21,1,4
1408292697 4954.69 126 5.309 218.6 398937759 -1035022086 180 85 28.0 39x25,1,2
1408292698 4958.88 126 4.189 219.4 398938006 -1035021590 189 80 28.0 39x28,1,1
1408292699 4962.58 126 3.704 220.2 398938210 -1035021135 193 76 28.0 39x28,1,1
1408292700 4966.05 126 3.462 221.0 398938376 -1035020789 233 70 28.0 39x28,1,1
1408292701 4969.32 127 3.275 221.4 398938573 -1035020400 296 69 28.0 39x28,1,1
1408292702 4972.5 126 3.182 221.8 398938716 -1035020072 283 66 28.0 39x28,1,1
1408292703 4975.66 127 3.154 222.4 398938868 -1035019761 280 65 28.0 39x28,1,1
1408292704 4978.83 127 3.172 222.8 398939003 -1035019457 270 65 28.0 39x28,1,1
1408292705 4982.07 127 3.238 223.0 398939149 -1035019104 263 65 28.0 39x28,1,1
1408292706 4985.3 128 3.238 223.2 398939215 -1035018753 257 66 28.0 39x28,1,1
1408292707 4988.45 129 3.144 223.4 398939280 -1035018379 245 65 28.0 39x28,1,1
1408292708 4991.66 129 3.21 223.6 398939360 -1035017990 248 66 28.0 39x28,1,1
1408292709 4994.86 129 3.2 224.0 398939434 -1035017606 237 66 28.0 39x28,1,1
1408292710 4998.09 130 3.228 224.2 398939503 -1035017173 236 67 28.0 39x28,1,1
1408292711 5001.43 130 3.34 224.4 398939586 -1035016743 229 68 28.0 39x28,1,1
1408292712 5004.92 130 3.49 224.6 398939654 -1035016315 239 70 28.0 39x28,1,1
1408292713 5008.67 130 3.751 224.8 398939757 -1035015855 231 70 28.0 39x28,1,1
1408292714 5012.23 131 3.564 225.0 398939810 -1035015392 231 76 28.0 39x28,1,1
1408292715 5015.86 131 3.63 225.2 398939813 -1035014926 200 75 28.0 39x28,1,1
1408292716 5019.53 131 3.667 225.6 398939857 -1035014458 184 76 28.0 39x28,1,1
1408292717 5023.22 131 3.686 225.8 398939836 -1035013982 187 76 28.0 39x28,1,1
1408292718 5026.91 131 3.695 225.8 398939848 -1035013526 178 76 28.0 39x28,1,1
1408292719 5030.6 131 3.686 226.0 398939844 -1035013056 174 76 28.0 39x28,1,1
1408292720 5034.31 131 3.714 226.0 398939835 -1035012588 175 76 28.0 39x28,1,1
1408292721 5038.04 132 3.732 226.2 398939770 -1035012138 175 76 28.0 39x28,1,1
1408292722 5041.89 132 3.844 226.4 398939773 -1035011682 181 79 28.0 39x28,1,1
1408292723 5045.83 133 3.947 226.6 398939788 -1035011178 182 81 28.0 39x28,1,1
1408292724 5049.85 133 4.022 227.0 398939803 -1035010709 166 82 28.0 39x28,1,1
1408292725 5053.92 133 4.068 227.0 398939811 -1035010215 167 84 28.0 39x28,1,1
1408292726 5058.09 134 4.171 227.2 398939806 -1035009719 167 85 28.0 39x28,1,1
1408292727 5062.25 135 4.152 227.4 398939806 -1035009245 174 86 28.0 39x28,1,1
1408292728 5066.36 135 4.115 227.6 398939779 -1035008734 191 85 28.0 39x28,1,1
1408292729 5070.48 135 4.115 227.8 398939725 -1035008207 192 85 28.0 39x28,1,1
1408292730 5074.53 136 4.059 227.8 398939686 -1035007741 188 85 28.0 39x28,1,1
1408292731 5078.57 136 4.04 227.8 398939637 -1035007271 184 84 28.0 39x28,1,1
1408292732 5082.56 136 3.984 228.2 398939614 -1035006755 199 82 28.0 39x28,1,1
1408292733 5086.55 137 3.994 228.2 398939580 -1035006253 192 82 28.0 39x28,1,1
1408292734 5090.62 137 4.068 228.4 398939556 -1035005727 189 83 28.0 39x28,1,1
1408292735 5094.81 137 4.189 228.6 398939520 -1035005203 174 86 28.0 39x28,1,1
1408292736 5099.18 137 4.367 229.0 398939518 -1035004685 156 89 28.0 39x28,1,1
1408292737 5103.63 136 4.451 229.2 398939476 -1035004138 142 92 28.0 39x28,1,1
1408292738 5108.21 136 4.581 229.2 398939416 -1035003517 123 94 28.0 39x28,1,1
1408292739 5112.87 136 4.665 229.2 398939397 -1035002902 122 96 29.0 39x28,1,1
1408292740 5117.68 136 4.805 229.2 398939347 -1035002333 126 93 29.0 39x23,1,3
1408292741 5122.81 136 5.132 229.2 398939293 -1035001661 125 89 29.0 39x23,1,3
1408292742 5128.09 135 5.281 229.2 398939261 -1035001044 126 89 29.0 39x23,1,3
1408292743 5133.61 135 5.514 229.2 398939293 -1035000368 128 93 29.0 53x23,2,3
1408292744 5139.18 135 5.57 229.2 398939305 -1034999686 112 89 29.0 53x23,2,3
1408292745 5144.87 134 5.692 229.2 398939271 -1034998990 138 72 29.0 53x25,2,2
1408292746 5150.61 134 5.738 229.2 398939216 -1034998243 159 78 29.0 53x25,2,2
1408292747 5156.47 133 5.86 229.2 398939150 -1034997449 162 79 29.0 53x23,2,3
1408292748 5162.37 133 5.906 229.2 398939129 -1034996681 159 78 29.0 53x23,2,3
1408292749 5168.52 133 6.149 229.4 398939071 -1034995892 149 75 29.0 53x23,2,3
1408292750 5174.91 132 6.382 229.2 398939023 -1034995083 134 79 29.0 53x23,2,3
1408292751 5181.55 132 6.643 229.0 398939005 -1034994216 121 82 29.0 53x23,2,3
1408292752 5188.54 131 6.989 229.0 398939004 -1034993324 128 85 29.0 53x23,2,3
1408292753 5195.67 131 7.129 229.0 398939006 -1034992341 132 88 29.0 53x23,2,3
1408292754 5202.93 131 7.269 229.0 398938954 -1034991404 141 90 29.0 53x23,2,3
1408292755 5210.11 131 7.175 228.6 398938947 -1034990383 155 90 29.0 53x23,2,3
1408292756 5217.21 131 7.101 229.0 398938923 -1034989455 169 89 29.0 53x23,2,3
1408292757 5224.13 130 6.923 229.2 398938906 -1034988508 186 88 29.0 53x23,2,3
1408292758 5230.86 130 6.727 229.2 398938891 -1034987615 188 85 29.0 53x23,2,3
1408292759 5237.3 130 6.438 229.2 398938906 -1034986704 201 81 29.0 53x23,2,3
1408292760 5243.51 130 6.214 229.4 398938835 -1034985922 211 79 29.0 53x23,2,3
1408292761 5249.49 129 5.972 230.0 398938889 -1034985238 249 74 29.0 53x23,2,3
1408292762 5255.35 129 5.869 230.4 398938853 -1034984475 258 71 29.0 53x23,2,3
1408292763 5261.03 129 5.673 230.8 398938812 -1034983816 270 69 29.0 53x23,2,3
1408292764 5266.49 129 5.458 231.4 398938808 -1034983184 278 68 29.0 53x23,2,3
1408292765 5271.73 129 5.244 231.8 398938840 -1034982495 261 66 29.0 53x23,2,3
1408292766 5276.96 129 5.235 232.2 398938844 -1034981821 253 65 29.0 53x23,2,3
1408292767 5282.46 129 5.496 232.2 398938873 -1034981125 226 67 29.0 53x23,2,3
1408292768 5288.1 129 5.645 232.4 398938816 -1034980377 216 69 29.0 53x23,2,3
1408292769 5294.22 129 6.112 232.4 398938741 -1034979608 217 72 29.0 53x23,2,3
1408292770 5300.23 130 6.009 232.4 398938734 -1034978847 185 75 29.0 53x23,2,3
1408292771 5306.37 129 6.149 232.6 398938667 -1034978038 141 75 29.0 53x23,2,3
1408292772 5312.64 129 6.27 232.6 398938647 -1034977276 108 78 29.0 53x23,2,3
1408292773 5319.15 129 6.503 232.6 398938566 -1034976511 85 80 29.0 53x23,2,3
1408292774 5325.91 129 6.765 232.4 398938576 -1034975668 85 83 29.0 53x23,2,3
1408292775 5332.92 129 7.007 232.4 398938577 -1034974745 80 85 29.0 53x23,2,3
1408292776 5340.28 129 7.362 232.2 398938655 -1034973845 84 90 29.0 53x21,2,4
1408292777 5348.08 129 7.8 232.2 398938835 -1034972827 82 88 29.0 53x19,2,5
1408292778 5356.4 129 8.314 231.8 398939138 -1034971855 88 86 29.0 53x19,2,5
1408292779 5365.3 128 8.901 231.4 398939632 -1034970867 94 84 29.0 53x17,2,6
1408292780 5374.75 128 9.452 230.8 398940270 -1034969870 88 85 29.0 53x17,2,6
1408292781 5384.42 128 9.667 230.0 398940998 -1034969013 81 87 29.0 53x17,2,6
1408292782 5394.31 128 9.891 229.4 398941819 -1034968248 78 90 29.0 53x17,2,6
1408292783 5404.33 128 10.021 229.0 398942764 -1034967470 80 91 29.0 53x17,2,6
1408292784 5414.3 128 9.975 229.0 398943666 -1034966763 84 92 29.0 53x17,2,6
1408292785 5424.43 128 10.124 228.6 398944625 -1034966047 84 92 29.0 53x17,2,6
1408292786 5434.67 127 10.245 227.8 398945620 -1034965325 90 94 29.0 53x15,2,7
1408292787 5445.08 127 10.413 227.4 398946560 -1034964636 78 88 29.0 53x15,2,7
1408292788 5455.83 127 10.749 227.4 398947480 -1034963889 90 86 29.0 53x15,2,7
1408292789 5466.83 126 11.001 227.0 398948493 -1034963112 92 88 29.0 53x15,2,7
1408292790 5477.89 125 11.057 226.6 398949458 -1034962287 105 89 29.0 53x15,2,7
1408292791 5488.89 125 11.001 226.4 398950454 -1034961457 117 89 29.0 53x15,2,7
1408292792 5499.67 124 10.777 226.4 398951402 -1034960680 133 88 29.0 53x15,2,7
1408292793 5510.08 123 10.413 226.0 398952273 -1034959919 145 86 29.0 53x15,2,7
1408292794 5520.21 123 10.124 226.2 398953117 -1034959156 167 83 29.0 53x15,2,7
1408292795 5529.91 123 9.704 226.4 398954036 -1034958410 179 80 29.0 53x17,2,6
1408292796 5539.24 122 9.331 226.6 398954914 -1034957682 156 81 29.0 53x17,2,6
1408292797 5548.18 122 8.939 226.8 398955715 -1034957003 160 85 29.0 53x19,2,5
1408292798 5556.69 121 8.51 227.2 398956514 -1034956344 176 90 29.0 53x19,2,5
1408292799 5564.78 121 8.09 227.4 398957230 -1034955730 175 85 29.0 53x19,2,5
1408292800 5572.69 121 7.912 228.0 398957903 -1034955112 192 82 29.0 53x19,2,5
1408292801 5580.22 121 7.53 228.6 398958615 -1034954490 185 80 29.0 53x21,2,4
1408292802 5587.67 121 7.446 229.0 398959251 -1034953932 185 84 29.0 53x21,2,4
1408292803 5594.99 120 7.325 229.0 398959882 -1034953306 198 84 29.0 53x21,2,4
1408292804 5602.19 120 7.194 228.8 398960491 -1034952674 198 83 29.0 53x21,2,4
1408292805 5609.17 120 6.989 229.0 398961046 -1034952050 196 80 29.0 53x21,2,4
1408292806 5616.08 120 6.895 229.2 398961563 -1034951461 190 79 29.0 53x21,2,4
1408292807 5622.92 120 6.849 229.4 398962089 -1034950788 177 78 29.0 53x21,2,4
1408292808 5629.86 120 6.942 229.6 398962570 -1034950115 169 79 29.0 53x21,2,4
1408292809 5636.91 121 7.054 229.6 398963092 -1034949420 154 80 29.0 53x21,2,4
1408292810 5644.04 121 7.129 229.8 398963596 -1034948717 154 81 29.0 53x21,2,4
1408292811 5651.22 121 7.175 230.0 398964092 -1034948016 145 81 29.0 53x21,2,4
1408292812 5658.49 121 7.269 230.0 398964604 -1034947360 129 82 29.0 53x21,2,4
1408292813 5665.99 122 7.502 230.0 398965148 -1034946647 129 84 29.0 53x21,2,4
1408292814 5673.82 122 7.828 229.8 398965686 -1034945935 121 87 29.0 53x21,2,4
1408292815 5682.0 122 8.183 229.4 398966276 -1034945166 124 91 29.0 53x21,2,4
1408292816 5690.29 123 8.286 229.2 398966893 -1034944376 135 94 29.0 53x19,2,5
1408292817 5698.64 123 8.351 229.0 398967477 -1034943631 139 88 29.0 53x19,2,5
1408292818 5707.05 123 8.416 228.8 398968097 -1034942859 163 86 29.0 53x19,2,5
1408292819 5715.34 123 8.286 229.0 398968762 -1034942052 164 86 29.0 53x19,2,5
1408292820 5723.56 124 8.22 229.2 398969374 -1034941286 170 85 29.0 53x19,2,5
1408292821 5731.74 124 8.183 229.2 398969992 -1034940531 171 85 29.0 53x19,2,5
1408292822 5739.88 124 8.136 229.0 398970590 -1034939738 171 84 29.0 53x19,2,5
1408292823 5747.97 125 8.09 229.2 398971173 -1034938957 161 83 29.0 53x19,2,5
1408292824 5756.03 125 8.062 229.4 398971733 -1034938221 164 83 29.0 53x19,2,5
1408292825 5764.16 125 8.127 229.6 398972364 -1034937402 164 83 29.0 53x19,2,5
1408292826 5772.22 125 8.062 230.0 398972999 -1034936687 164 83 29.0 53x19,2,5
1408292827 5780.28 125 8.062 230.2 398973590 -1034935927 170 83 29.0 53x19,2,5
1408292828 5788.19 125 7.912 230.8 398974179 -1034935153 169 82 29.0 53x19,2,5
1408292829 5796.02 125 7.828 231.0 398974752 -1034934397 167 81 29.0 53x19,2,5
1408292830 5803.77 125 7.744 230.8 398975320 -1034933741 168 80 29.0 53x19,2,5
1408292831 5811.44 125 7.67 230.6 398975897 -1034932996 170 79 29.0 53x19,2,5
1408292832 5819.04 125 7.605 230.8 398976465 -1034932297 179 79 29.0 53x19,2,5
1408292833 5826.38 126 7.343 231.2 398976997 -1034931541 184 77 29.0 53x19,2,5
1408292834 5833.2 126 6.811 231.2 398977569 -1034930871 6 77 29.0 39x19,1,5
1408292835 5839.77 125 6.578 231.4 398978188 -1034930547 6 25 29.0 39x19,1,5
1408292836 5846.1 125 6.326 231.4 398978871 -1034930508 197 89 29.0 39x19,1,5
1408292837 5852.23 125 6.13 231.6 398979375 -1034930838 242 87 29.0 39x19,1,5
1408292838 5858.2 125 5.972 231.6 398979624 -1034931633 252 85 29.0 39x19,1,5
1408292839 5864.03 126 5.832 231.8 398979820 -1034932495 248 83 29.0 39x19,1,5
1408292840 5869.73 126 5.701 232.0 398979910 -1034933244 247 81 29.0 39x19,1,5
1408292841 5875.17 126 5.44 232.2 398980042 -1034933929 251 78 29.0 39x19,1,5
1408292842 5880.23 127 5.057 232.4 398980186 -1034934565 243 75 29.0 39x19,1,5
1408292843 5885.2 127 4.973 232.8 398980325 -1034935189 235 69 29.0 39x19,1,5
1408292844 5890.06 128 4.852 233.4 398980490 -1034935863 275 68 29.0 39x19,1,5
1408292845 5894.8 128 4.74 233.6 398980623 -1034936487 258 66 29.0 39x19,1,5
1408292846 5899.54 128 4.74 233.8 398980790 -1034937115 252 66 29.0 39x19,1,5
1408292847 5904.25 129 4.712 234.4 398980931 -1034937742 228 65 29.0 39x19,1,5
1408292848 5908.97 129 4.721 234.8 398980986 -1034938346 211 66 29.0 39x19,1,5
1408292849 5913.78 130 4.815 235.2 398981182 -1034939006 203 67 29.0 39x19,1,5
1408292850 5918.79 130 5.001 235.2 398981339 -1034939601 195 68 29.0 39x19,1,5
1408292851 5924.19 131 5.402 235.2 398981541 -1034940255 195 72 29.0 39x19,1,5
1408292852 5929.46 132 5.272 235.0 398981738 -1034940885 172 73 29.0 39x19,1,5
1408292853 5934.78 133 5.318 235.2 398981952 -1034941505 160 74 29.0 39x19,1,5
1408292854 5940.26 133 5.486 235.4 398982226 -1034942124 155 76 29.0 39x19,1,5
1408292855 5945.84 133 5.58 235.6 398982522 -1034942794 147 77 29.0 39x19,1,5
1408292856 5951.5 134 5.654 235.6 398982855 -1034943408 141 79 29.0 39x19,1,5
1408292857 5957.27 134 5.766 235.4 398983185 -1034943999 140 80 29.0 39x19,1,5
1408292858 5963.13 134 5.86 235.4 398983554 -1034944646 129 81 29.0 39x19,1,5
1408292859 5969.24 134 6.112 235.4 398983980 -1034945200 107 84 29.0 39x19,1,5
1408292860 5975.68 134 6.438 235.2 398984437 -1034945594 98 86 29.0 39x19,1,5
1408292861 5982.29 134 6.615 235.0 398985031 -1034946094 102 91 29.0 39x19,1,5
1408292862 5989.04 135 6.746 234.8 398985628 -1034946532 105 94 29.0 39x19,1,5
1408292863 5995.91 135 6.877 234.8 398986279 -1034947005 118 95 29.0 39x17,1,6
1408292864 6002.9 135 6.989 234.6 398986960 -1034947335 116 90 29.0 39x17,1,6
1408292865 6009.98 135 7.082 234.4 398987619 -1034947636 122 88 29.0 39x17,1,6
1408292866 6017.18 135 7.194 234.6 398988322 -1034947954 113 90 29.0 39x17,1,6
1408292867 6024.65 135 7.474 234.6 398989090 -1034948260 105 92 29.0 39x17,1,6
1408292868 6032.37 135 7.716 234.4 398989824 -1034948578 94 92 29.0 53x17,2,6
1408292869 6040.46 135 8.09 234.0 398990598 -1034948964 82 73 29.0 53x17,2,6
1408292870 6048.9 135 8.444 233.8 398991395 -1034949378 113 75 29.0 53x17,2,6
1408292871 6057.69 134 8.79 233.4 398992165 -1034949853 118 78 29.0 53x17,2,6
1408292872 6066.76 134 9.069 233.0 398992883 -1034950498 101 81 29.0 53x15,2,7
1408292873 6076.27 134 9.508 232.6 398993663 -1034951296 102 78 29.0 53x15,2,7
1408292874 6086.2 134 9.928 232.2 398994392 -1034952128 117 78 29.0 53x15,2,7
1408292875 6096.46 133 10.264 231.4 398995173 -1034953113 89 81 29.0 53x15,2,7
1408292876 6106.93 133 10.469 230.6 398995893 -1034954152 84 84 29.0 53x15,2,7
1408292877 6117.76 132 10.833 229.8 398996552 -1034955222 79 87 29.0 53x15,2,7
1408292878 6128.88 131 11.113 229.4 398997257 -1034956281 81 89 29.0 53x14,2,8
1408292879 6140.11 129 11.234 229.0 398997810 -1034957643 85 87 29.0 53x14,2,8
1408292880 6151.22 128 11.113 228.6 398998106 -1034959004 87 84 29.0 53x14,2,8
1408292881 6162.11 127 10.889 228.2 398998247 -1034960486 0 84 29.0 53x14,2,8
1408292882 6172.84 126 10.73 228.2 398998316 -1034961951 0 84 29.0 53x14,2,8
1408292883 6183.52 125 10.674 227.6 398998553 -1034963243 0 0 29.0 53x14,2,8
1408292884 6194.2 124 10.684 226.8 398998919 -1034964553 0 0 29.0 53x14,2,8
1408292885 6204.98 121 10.777 226.6 398999531 -1034965830 0 0 29.0 53x14,2,8
1408292886 6215.81 118 10.833 226.2 399000208 -1034967013 0 0 29.0 53x14,2,8
1408292887 6226.87 116 11.057 226.2 399000927 -1034968106 0 0 29.0 53x14,2,8
1408292888 6238.4 112 11.533 226.0 399001771 -1034969281 2 7 29.0 53x14,2,8
1408292889 6250.52 109 12.121 225.4 399002570 -1034970340 8 57 29.0 53x13,2,9
1408292890 6263.18 107 12.662 224.4 399003471 -1034971428 89 88 29.0 53x13,2,9
1408292891 6276.35 107 13.166 223.2 399004427 -1034972712 90 91 29.0 53x13,2,9
1408292892 6289.92 107 13.576 221.8 399005368 -1034973971 93 94 29.0 53x13,2,9
1408292893 6304.13 108 14.211 220.6 399006409 -1034975321 101 97 29.0 53x13,2,9
1408292894 6318.78 109 14.649 219.2 399007516 -1034976687 106 101 29.0 53x12,2,10
1408292895 6333.63 110 14.845 218.4 399008698 -1034977925 113 99 29.0 53x11,2,11
1408292896 6348.53 111 14.901 217.6 399009936 -1034979071 99 92 29.0 53x11,2,11
1408292897 6363.69 111 15.162 216.8 399011253 -1034980314 101 90 29.0 53x11,2,11
1408292898 6378.85 111 15.162 216.2 399012565 -1034981467 108 90 29.0 53x11,2,11
1408292899 6394.29 111 15.433 214.6 399013939 -1034982714 103 91 29.0 53x11,2,11
1408292900 6409.72 111 15.433 212.4 399015259 -1034983903 124 92 29.0 53x11,2,11
1408292901 6425.0 110 15.274 211.8 399016506 -1034985224 129 91 29.0 53x11,2,11
1408292902 6439.64 110 14.649 211.6 399017597 -1034986592 147 89 29.0 53x11,2,11
1408292903 6453.49 110 13.847 211.8 399018501 -1034988155 155 84 29.0 53x12,2,10
1408292904 6466.27 111 12.774 212.4 399019268 -1034989610 141 83 29.0 53x13,2,9
1408292905 6477.8 111 11.533 213.8 399019994 -1034990991 141 83 29.0 53x14,2,8
1408292906 6488.58 111 10.777 215.4 399020632 -1034992281 133 80 29.0 53x14,2,8
1408292907 6498.47 111 9.891 216.6 399021253 -1034993419 139 79 29.0 53x14,2,8
1408292908 6508.31 111 9.844 217.6 399021797 -1034994377 91 75 29.0 53x14,2,8
1408292909 6518.78 111 10.469 217.4 399022474 -1034995444 67 77 29.0 53x14,2,8
1408292910 6530.01 111 11.234 216.6 399023189 -1034996498 63 80 29.0 53x14,2,8
1408292911 6541.93 111 11.915 215.8 399023981 -1034997652 69 86 29.0 53x14,2,8
1408292912 6554.55 111 12.624 215.0 399024898 -1034998818 15 86 29.0 53x14,2,8
1408292913 6567.48 111 12.923 214.0 399025902 -1034999836 15 68 29.0 53x14,2,8
1408292914 6580.56 111 13.082 212.8 399027157 -1035000544 0 68 29.0 53x14,2,8
1408292915 6593.68 112 13.119 211.6 399028496 -1035001067 0 68 29.0 53x14,2,8
1408292916 6607.0 112 13.324 210.0 399029866 -1035001319 0 0 29.0 53x14,2,8
1408292917 6620.49 112 13.492 209.0 399031284 -1035001577 0 0 29.0 53x14,2,8
1408292918 6634.2 112 13.707 208.4 399032716 -1035001978 0 0 29.0 53x14,2,8
1408292919 6648.22 111 14.024 207.6 399034162 -1035002394 0 0 29.0 53x14,2,8
1408292920 6662.77 111 14.547 207.0 399035549 -1035002798 0 0 29.0 53x14,2,8
1408292921 6677.88 111 15.106 206.0 399037010 -1035003365 0 0 29.0 53x14,2,8
1408292922 6693.42 111 15.545 204.8 399038310 -1035004260 0 0 29.0 53x14,2,8
1408292923 6709.43 111 16.011 204.0 399039759 -1035005314 0 0 29.0 53x14,2,8
1408292924 6725.69 110 16.254 201.8 399041138 -1035006621 0 0 29.0 53x14,2,8
1408292925 6741.97 110 16.282 200.6 399042533 -1035007855 0 0 29.0 53x14,2,8
1408292926 6758.43 109 16.441 199.6 399043965 -1035008917 0 0 29.0 53x14,2,8
1408292927 6775.05 108 16.637 198.4 399045540 -1035010093 0 0 29.0 53x14,2,8
1408292928 6791.94 108 16.898 197.4 399047033 -1035011248 0 0 29.0 53x14,2,8
1408292929 6809.04 107 17.094 196.2 399048626 -1035012464 0 0 29.0 53x14,2,8
1408292930 6826.07 106 17.029 194.6 399050181 -1035013623 0 0 29.0 53x14,2,8
1408292931 6842.9 106 16.833 193.0 399051730 -1035014768 0 0 29.0 53x14,2,8
1408292932 6859.4 104 16.506 191.4 399053148 -1035015967 0 3 29.0 53x14,2,8
1408292933 6875.42 104 16.011 190.2 399054699 -1035017128 0 3 29.0 53x14,2,8
1408292934 6891.67 104 16.254 189.2 399056126 -1035018274 0 3 29.0 53x14,2,8
1408292935 6907.8 103 16.133 187.8 399057381 -1035019802 0 0 29.0 53x14,2,8
1408292936 6923.02 103 15.218 186.4 399058309 -1035021526 2 16 29.0 53x14,2,8
1408292937 6937.72 102 14.696 185.2 399058883 -1035023327 0 16 29.0 53x14,2,8
1408292938 6951.93 101 14.211 184.4 399059726 -1035024847 0 16 29.0 53x14,2,8
1408292939 6965.9 100 13.977 183.6 399060899 -1035026214 0 0 29.0 53x14,2,8
1408292940 6979.83 98 13.931 182.0 399062236 -1035026952 0 0 29.0 53x14,2,8
1408292941 6994.19 97 14.351 180.8 399063656 -1035027217 0 0 29.0 53x14,2,8
1408292942 7008.93 94 14.742 179.4 399065076 -1035027177 0 0 29.0 53x14,2,8
1408292943 7024.2 93 15.274 177.4 399066356 -1035027118 1 8 29.0 53x14,2,8
1408292944 7039.98 93 15.778 175.8 399067685 -1035025511 7 66 29.0 53x14,2,8
1408292945 7056.3 93 16.319 174.2 399069079 -1035024178 8 62 29.0 53x14,2,8
1408292946 7072.38 94 16.077 172.0 399070488 -1035022929 0 62 29.0 53x14,2,8
1408292947 7088.33 96 15.955 170.4 399071861 -1035021567 0 62 29.0 53x14,2,8
1408292948 7103.88 97 15.545 168.4 399073365 -1035020245 0 0 29.0 53x14,2,8
1408292949 7118.68 98 14.798 167.2 399074840 -1035019892 0 0 29.0 53x14,2,8
1408292950 7132.79 98 14.117 166.0 399076384 -1035020370 1 11 29.0 53x13,2,9
1408292951 7145.8 97 13.007 166.0 399077671 -1035021321 8 67 29.0 53x13,2,9
1408292952 7157.65 95 11.85 166.4 399078772 -1035022279 51 87 29.0 53x14,2,8
1408292953 7168.38 94 10.73 167.0 399079774 -1035023134 182 81 29.0 53x15,2,7
1408292954 7177.95 95 9.573 167.8 399080741 -1035023831 171 79 29.0 53x17,2,6
1408292955 7186.3 95 8.351 169.2 399081623 -1035024449 172 81 29.0 39x17,1,6
1408292956 7193.39 96 7.082 171.0 399082293 -1035024865 145 83 29.0 39x17,1,6
1408292957 7199.84 98 6.457 172.0 399082934 -1035025284 189 87 29.0 39x21,1,4
1408292958 7205.4 100 5.552 172.8 399083452 -1035025585 199 84 29.0 39x23,1,3
1408292959 7210.0 100 4.609 173.6 399083932 -1035025886 210 80 29.0 39x25,1,2
1408292960 7214.3 102 4.292 174.2 399084305 -1035026133 214 77 29.0 39x28,1,1
1408292961 7217.92 103 3.62 174.8 399084610 -1035026355 217 75 29.0 39x28,1,1
1408292962 7221.01 104 3.098 175.4 399084857 -1035026578 239 69 29.0 39x28,1,1
1408292963 7224.01 105 2.995 175.8 399085101 -1035026754 256 63 29.0 39x28,1,1
1408292964 7226.76 106 2.753 176.6 399085356 -1035026906 249 59 29.0 39x28,1,1
1408292965 7229.5 107 2.734 176.8 399085612 -1035026929 241 56 29.0 39x28,1,1
1408292966 7232.24 108 2.743 177.2 399085893 -1035026919 229 57 29.0 39x28,1,1
1408292967 7234.79 109 2.547 177.4 399086114 -1035027040 239 53 29.0 39x28,1,1
1408292968 7237.44 111 2.65 177.8 399086308 -1035027241 288 55 29.0 39x28,1,1
1408292969 7239.87 112 2.435 178.0 399086457 -1035027453 280 52 29.0 39x28,1,1
1408292970 7242.56 113 2.687 178.6 399086578 -1035027630 267 54 29.0 39x28,1,1
1408292971 7245.25 115 2.687 178.8 399086802 -1035027788 265 57 29.0 39x28,1,1
1408292972 7247.93 116 2.687 179.2 399087040 -1035027854 308 55 29.0 39x28,1,1
1408292973 7250.66 117 2.725 179.4 399087257 -1035027763 267 58 29.0 39x28,1,1
1408292974 7253.58 119 2.921 179.8 399087597 -1035027678 229 59 29.0 39x28,1,1
1408292975 7256.52 119 2.939 180.0 399087913 -1035027638 246 58 29.0 39x28,1,1
1408292976 7259.19 120 2.669 180.2 399088195 -1035027652 265 56 29.0 39x28,1,1
1408292977 7261.92 121 2.734 180.4 399088447 -1035027649 277 56 29.0 39x28,1,1
1408292978 7264.49 122 2.566 180.8 399088691 -1035027710 277 54 29.0 39x28,1,1
1408292979 7266.89 123 2.407 181.0 399088953 -1035027720 278 51 29.0 39x28,1,1
1408292980 7269.04 123 2.146 181.6 399089145 -1035027819 272 47 29.0 39x28,1,1
1408292981 7271.34 124 2.305 181.8 399089389 -1035027912 264 45 29.0 39x28,1,1
1408292982 7273.31 125 1.969 182.2 399089620 -1035027992 255 45 29.0 39x28,1,1
1408292983 7275.41 126 2.099 182.4 399089832 -1035028034 255 42 29.0 39x28,1,1
1408292984 7277.51 127 2.099 182.8 399089997 -1035028117 242 41 29.0 39x28,1,1
1408292985 7279.42 128 1.913 183.0 399090229 -1035028163 233 41 29.0 39x28,1,1
1408292986 7281.34 128 1.913 183.2 399090389 -1035028167 233 39 29.0 39x28,1,1
1408292987 7283.32 129 1.987 183.4 399090546 -1035028213 206 41 29.0 39x28,1,1
1408292988 7285.26 130 1.931 183.8 399090769 -1035028180 232 41 29.0 39x28,1,1
1408292989 7287.41 131 2.155 184.0 399090965 -1035028250 232 41 29.0 39x28,1,1
1408292990 7289.19 131 1.782 184.4 399091115 -1035028358 233 38 29.0 39x28,1,1
1408292991 7291.11 132 1.913 184.6 399091266 -1035028504 221 38 29.0 39x28,1,1
1408292992 7292.9 133 1.791 184.6 399091429 -1035028677 221 38 29.0 39x28,1,1
1408292993 7295.01 134 2.118 184.8 399091532 -1035028880 214 44 29.0 39x28,1,1
1408292994 7297.3 134 2.286 185.0 399091760 -1035029056 242 44 29.0 39x28,1,1
1408292995 7299.58 135 2.277 185.2 399091930 -1035029164 242 47 29.0 39x28,1,1
1408292996 7301.72 136 2.146 185.6 399092140 -1035029055 239 43 29.0 39x28,1,1
1408292997 7303.66 136 1.941 185.8 399092285 -1035028933 221 42 29.0 39x28,1,1
1408292998 7305.82 137 2.155 186.0 399092474 -1035028824 218 42 29.0 39x28,1,1
1408292999 7307.98 138 2.165 186.2 399092682 -1035028733 218 45 29.0 39x28,1,1
1408293000 7310.38 139 2.398 186.4 399092932 -1035028635 220 47 29.0 39x28,1,1
1408293001 7312.57 139 2.183 186.8 399093168 -1035028609 224 46 29.0 39x28,1,1
1408293002 7314.8 140 2.23 187.0 399093385 -1035028595 227 46 29.0 39x28,1,1
1408293003 7316.99 141 2.193 187.4 399093587 -1035028649 227 44 29.0 39x28,1,1
1408293004 7318.99 141 2.006 187.4 399093821 -1035028738 231 43 28.0 39x28,1,1
1408293005 7321.12 142 2.127 187.6 399093990 -1035028904 211 42 28.0 39x28,1,1
1408293006 7323.08 143 1.959 188.0 399094164 -1035029012 208 42 28.0 39x28,1,1
1408293007 7325.36 143 2.277 188.2 399094414 -1035029114 208 45 28.0 39x28,1,1
1408293008 7327.55 144 2.193 188.4 399094682 -1035029109 220 47 28.0 39x28,1,1
1408293009 7329.83 144 2.277 188.8 399094822 -1035029025 201 44 28.0 39x28,1,1
1408293010 7331.96 144 2.127 188.8 399094999 -1035028819 183 44 28.0 39x28,1,1
1408293011 7334.18 144 2.221 189.0 399095179 -1035028695 183 45 28.0 39x28,1,1
1408293012 7336.26 144 2.081 189.4 399095377 -1035028543 192 45 28.0 39x28,1,1
1408293013 7338.58 144 2.323 189.6 399095528 -1035028455 212 46 28.0 39x28,1,1
1408293014 7340.69 145 2.109 189.8 399095748 -1035028339 225 46 28.0 39x28,1,1
1408293015 7342.84 145 2.146 190.0 399095921 -1035028268 225 44 28.0 39x28,1,1
1408293016 7344.79 145 1.959 190.4 399096102 -1035028274 227 41 28.0 39x28,1,1
1408293017 7346.82 145 2.025 190.6 399096274 -1035028227 246 41 28.0 39x28,1,1
1408293018 7348.95 145 2.127 190.8 399096440 -1035028199 246 42 28.0 39x28,1,1
1408293019 7351.07 145 2.127 191.0 399096691 -1035028108 232 42 28.0 39x28,1,1
1408293020 7353.02 145 1.95 191.4 399096841 -1035028040 223 42 28.0 39x28,1,1
1408293021 7354.95 144 1.922 191.6 399097073 -1035027998 223 41 28.0 39x28,1,1
1408293022 7357.05 144 2.099 191.8 399097285 -1035027953 233 41 28.0 39x28,1,1
1408293023 7359.05 144 2.006 192.2 399097503 -1035027914 233 42 28.0 39x28,1,1
1408293024 7361.11 144 2.053 192.4 399097716 -1035027866 228 42 28.0 39x28,1,1
1408293025 7363.16 144 2.053 192.6 399097919 -1035027781 228 42 28.0 39x28,1,1
1408293026 7365.21 144 2.053 193.0 399098114 -1035027751 218 42 28.0 39x28,1,1
1408293027 7367.15 144 1.941 193.2 399098334 -1035027678 214 42 28.0 39x28,1,1
1408293028 7369.28 144 2.127 193.4 399098492 -1035027586 214 42 28.0 39x28,1,1
1408293029 7371.2 145 1.922 193.6 399098689 -1035027379 211 42 28.0 39x28,1,1
1408293030 7373.37 145 2.165 193.8 399098830 -1035027219 217 42 28.0 39x28,1,1
1408293031 7375.47 145 2.099 194.0 399099033 -1035027073 217 44 28.0 39x28,1,1
1408293032 7377.66 145 2.193 194.2 399099220 -1035027025 218 44 28.0 39x28,1,1
1408293033 7379.74 145 2.081 194.4 399099368 -1035026935 221 44 28.0 39x28,1,1
1408293034 7381.88 145 2.137 194.8 399099596 -1035026849 241 44 28.0 39x28,1,1
1408293035 7384.03 146 2.155 195.0 399099794 -1035026775 241 44 28.0 39x28,1,1
1408293036 7386.08 146 2.053 195.4 399099982 -1035026691 219 43 28.0 39x28,1,1
1408293037 7388.18 146 2.099 195.6 399100137 -1035026547 205 43 28.0 39x28,1,1
1408293038 7390.25 146 2.071 196.0 399100383 -1035026486 197 43 28.0 39x28,1,1
1408293039 7392.36 147 2.109 196.2 399100569 -1035026357 197 44 28.0 39x28,1,1
1408293040 7394.51 147 2.146 196.2 399100760 -1035026222 186 44 28.0 39x28,1,1
1408293041 7396.75 147 2.239 196.4 399100970 -1035026080 182 44 28.0 39x28,1,1
1408293042 7399.01 147 2.258 196.6 399101109 -1035025933 182 46 28.0 39x28,1,1
1408293043 7401.35 147 2.342 196.6 399101298 -1035025844 189 47 28.0 39x28,1,1
1408293044 7403.64 147 2.295 196.8 399101567 -1035025766 190 48 28.0 39x28,1,1
1408293045 7405.96 147 2.314 197.2 399101750 -1035025634 194 47 28.0 39x28,1,1
1408293046 7408.26 147 2.305 197.4 399101964 -1035025522 66 47 28.0 39x28,1,1
1408293047 7410.46 146 2.193 197.6 399102137 -1035025466 66 47 28.0 39x28,1,1
1408293048 7411.99 146 1.54 197.8 399102261 -1035025385 66 26 28.0 39x28,1,1
1408293049 7413.83 145 1.838 198.0 399102437 -1035025300 183 36 28.0 39x28,1,1
1408293050 7415.95 145 2.118 198.2 399102628 -1035025144 197 36 28.0 39x28,1,1
1408293051 7418.15 144 2.202 198.4 399102802 -1035024989 197 44 28.0 39x28,1,1
1408293052 7420.36 142 2.202 198.6 399102965 -1035024830 169 45 28.0 39x28,1,1
1408293053 7422.59 142 2.23 198.6 399103161 -1035024657 178 46 28.0 39x28,1,1
1408293054 7424.88 142 2.295 198.6 399103367 -1035024527 195 46 28.0 39x28,1,1
1408293055 7427.33 141 2.445 198.8 399103549 -1035024385 195 49 28.0 39x28,1,1
1408293056 7429.81 141 2.482 199.0 399103744 -1035024259 212 51 28.0 39x28,1,1
1408293057 7432.39 141 2.585 199.2 399103985 -1035024092 209 53 28.0 39x28,1,1
1408293058 7434.94 140 2.547 199.4 399104198 -1035023922 197 52 28.0 39x28,1,1
1408293059 7437.5 140 2.557 199.6 399104432 -1035023783 218 53 28.0 39x25,1,2
1408293060 7440.06 140 2.566 199.8 399104596 -1035023627 200 49 28.0 39x23,1,3
1408293061 7442.61 140 2.547 200.0 399104796 -1035023456 199 49 28.0 39x23,1,3
1408293062 7445.05 139 2.435 200.4 399104964 -1035023302 199 44 28.0 39x23,1,3
1408293063 7447.53 139 2.482 200.4 399105183 -1035023211 199 42 28.0 39x23,1,3
1408293064 7450.07 139 2.547 200.6 399105370 -1035023071 203 42 28.0 39x23,1,3
1408293065 7452.64 139 2.566 200.8 399105614 -1035022886 203 43 28.0 39x23,1,3
1408293066 7455.18 139 2.538 201.0 399105835 -1035022751 187 43 28.0 39x21,1,4
1408293067 7457.55 138 2.37 201.2 399106017 -1035022645 115 43 28.0 39x21,1,4
1408293068 7459.57 138 2.025 201.2 399106115 -1035022563 115 35 28.0 39x21,1,4
1408293069 7461.3 138 1.726 201.4 399106207 -1035022416 0 35 28.0 39x21,1,4
1408293070 7463.03 137 1.726 201.6 399106306 -1035022299 0 0 28.0 39x21,1,4
1408293071 7464.75 137 1.726 201.8 399106336 -1035022251 0 0 28.0 39x21,1,4
1408293072 7464.75 137 0.0 202.0 399106448 -1035022212 0 0 28.0 39x21,1,4
1408293073 7465.28 137 0.429 201.8 399106477 -1035022150 0 0 28.0 39x21,1,4
1408293074 7465.56 137 0.0 201.8 399106476 -1035022097 0 0 28.0 39x21,1,4
1408293075 7465.56 138 0.0 202.0 399106490 -1035022121 0 0 28.0 39x13,1,9
1408293076 7465.7 138 0.0 202.2 399106486 -1035022089 0 0 28.0 39x13,1,9
1408293077 7470.44 138 4.74 202.0 399106490 -1035022064 3 6 28.0 39x13,1,9
1408293078 7476.71 138 6.27 202.0 399106488 -1035022059 4 6 28.0 39x12,1,10
1408293079 7482.82 138 6.112 202.0 399106479 -1035022049 4 6 28.0 39x11,1,11
1408293080 7490.27 139 7.446 202.0 399106487 -1035022041 4 21 28.0 39x11,1,11
1408293081 7497.46 139 7.194 202.0 399106508 -1035022005 0 21 28.0 39x11,1,11
1408293082 7504.65 139 7.194 202.0 399106476 -1035021984 0 21 28.0 39x11,1,11
1408293083 7511.85 140 7.194 202.0 399106475 -1035021953 0 0 28.0 39x11,1,11
1408293084 7519.04 140 7.194 202.0 399106472 -1035021968 0 0 28.0 39x11,1,11
1408293085 7519.04 140 0.0 202.0 399106480 -1035021956 0 0 28.0 39x11,1,11
1408293086 7519.75 140 0.709 202.0 399106488 -1035021963 0 0 28.0 39x11,1,11
1408293087 7520.46 139 0.709 202.0 399106492 -1035021947 0 0 28.0 39x11,1,11
1408293088 7521.17 138 0.709 202.0 399106490 -1035021948 0 0 28.0 39x11,1,11
1408293089 7521.88 137 0.709 202.0 399106495 -1035021945 0 0 28.0 39x11,1,11
1408293090 7521.88 136 0.0 202.0 399106499 -1035021942 0 0 28.0 39x11,1,11
1408293091 7521.9 135 0.0 202.0 399106499 -1035021938 0 0 28.0 39x11,1,11
1408293092 7521.92 134 0.0 202.0 399106498 -1035021932 0 0 28.0 39x11,1,11
1408293093 7521.97 133 0.0 202.2 399106502 -1035021928 0 0 28.0 39x11,1,11
1408293094 7522.01 132 0.0 202.2 399106505 -1035021925 0 0 28.0 39x11,1,11
1408293095 7522.01 131 0.0 202.2 399106500 -1035021925 0 0 28.0 39x11,1,11
1408293096 7522.03 130 0.0 202.2 399106502 -1035021923 0 0 28.0 39x11,1,11
1408293097 7522.14 129 0.0 202.2 399106512 -1035021916 0 0 28.0 39x11,1,11
1408293098 7522.35 128 0.0 202.0 399106530 -1035021900 0 0 28.0 39x11,1,11
1408293099 7522.62 127 0.0 202.0 399106554 -1035021879 0 0 28.0 39x11,1,11
1408293100 7522.77 126 0.0 202.0 399106563 -1035021863 0 0 28.0 39x11,1,11
1408293101 7522.94 125 0.0 201.8 399106575 -1035021846 0 0 28.0 39x11,1,11
1408293102 7522.94 123 0.0 201.6 399106562 -1035021842 0 0 28.0 39x11,1,11
1408293103 7523.07 121 0.0 201.4 399106575 -1035021834 0 0 28.0 39x11,1,11
1408293104 7523.07 117 0.0 201.4 399106561 -1035021824 0 0 28.0 39x11,1,11
1408293105 7523.07 113 0.0 201.6 399106562 -1035021827 0 0 28.0 39x11,1,11
1408293106 7523.08 112 0.0 201.6 399106563 -1035021826 0 0 28.0 39x11,1,11
1408293107 7523.09 110 0.0 201.4 399106563 -1035021825 0 0 28.0 39x11,1,11
1408293108 7523.11 108 0.0 201.4 399106565 -1035021824 0 0 28.0 39x11,1,11
1408293109 7523.12 108 0.0 201.4 399106565 -1035021822 0 0 28.0 39x11,1,11
1408293110 7523.14 107 0.0 201.4 399106566 -1035021820 0 0 28.0 39x11,1,11
1408293111 7523.15 108 0.0 201.4 399106567 -1035021819 0 0 28.0 39x11,1,11
1408293112 7523.16 109 0.0 201.4 399106568 -1035021818 0 0 28.0 39x11,1,11
1408293113 7523.16 109 0.0 201.4 399106568 -1035021817 0 0 28.0 39x11,1,11
1408293114 7523.17 112 0.0 201.4 399106568 -1035021816 0 0 28.0 39x11,1,11
1408293115 7523.19 113 0.0 201.4 399106569 -1035021814 0 0 28.0 39x11,1,11
